10328
10349
69012
10328
5277
5276
5274
5275
69000
69011
10341
10328
10328
69000
10328
5311
10328
10328
10328
69000
5311
69004
10328
69000
69004
10341
10349
69000
69011
10328
5274
5275
5276
5277
69000
69000
5311
10341
9003
10341
10349
69000
10341
69000
5274
69000
10328
69004
10341
10349
69011
5274
5275
5276
5277
9007
10328
69000
69000
69000
10328
69000
10328
69004
10328
69011
5274
5275
5276
5277
10349
69000
69000
10328
69004
10328
10349
69011
5274
5275
5276
5277
69000
69011
9008
5311
9006
9001
1303
9000
9004
9000
69000
9007
10328
10328
5310
9003
9002
10341
69000
9000
69000
10349
69012
9000
9004
9002
9007
9006
9008
9005
9003
9001
5311
10341
5310
10349
69004
5275
5274
5276
5277
10328
5274
10328
69011
10349
10328
10328
10328
10328
10328
5311
10328
8842
10349
1602
8666
599
268
12956
13143
12217
8036
12646
8430
12677
12781
12707
12693
504
7128
12793
5165
12619
1280
10079
12711
317
1285
12692
998
12404
383
12697
947
1234
12077
1155
95
1355
91
301
12055
656
8413
590
837
12969
12980
12981
12982
12983
12984
12988
12989
13001
13009
12372
1783
7029
13002
13017
13015
13016
13019
10434
10326
22
13018
13028
13033
13034
13047
5273
13036
13057
13059
13058
13060
1121
1679
13062
13061
13063
13064
8374
13144
8582
13149
13151
12348
13153
13159
13160
13193
13198
13203
13208
7769
8763
10286
8059
1351
13594
10109
1632
1530
1564
8147
12684
161
575
102
420
133
424
93
494
381
1120
3
10125
1261
10163
8735
1625
4
325
8567
8323
7622
10372
10357
10146
10375
10380
441
564
1115
10431
8189
10088
10026
10128
10119
5227
10169
8060
1315
10149
10060
1473
7115
8698
1640
1610
1684
8835
1173
5095
5
10
15
1451
647
1609
7435
8408
10342
594
1482
51
5306
10019
5117
32
640
641
636
649
823
67
907
12230
951
918
5027
359
678
10199
1529
942
12052
12047
1161
10031
10158
8753
13606
5218
63
1248
10029
5247
7831
12634
7639
7638
8480
8549
12409
8485
8086
1369
1017
7716
168
8817
1386
10255
7718
819
7729
1154
994
21
8278
775
563
685
7894
644
1158
566
310
7876
1163
1107
788
1358
17
7981
1334
1653
1365
628
5008
859
830
1706
1713
1716
1246
40
7013
8555
1286
12343
1489
1108
233
7493
12544
1002
1000
813
1708
415
1408
1110
630
10168
8014
627
13258
1392
12211
8626
1335
993
8387
90
5243
945
8590
35
8801
7819
8467
1193
1021
10238
655
674
626
816
818
7662
652
659
842
787
8411
625
612
621
586
5222
569
561
768
960
555
7997
551
765
822
955
806
8789
314
981
766
218
176
976
1656
1657
1655
1379
1652
1240
1184
1537
7568
1204
1428
1005
1199
1004
1393
1390
1230
1067
1388
1191
567
1387
1001
1231
1382
1245
1073
1381
1373
1378
1367
1356
1254
1250
1391
1170
12390
1383
1227
1229
1239
1531
1205
1183
1178
1162
1105
1081
1075
591
8214
1066
1065
1228
1712
1064
1745
1389
10266
10252
10249
10122
10032
10001
12570
13320
13758
10461
10338
10305
7463
1732
588
1427
247
10313
430
1426
5167
5166
5165
5121
10374
12291
1249
1347
7790
1654
1384
220
8087
584
585
1034
5005
583
7009
13271
1726
576
12001
1683
10070
667
1185
847
948
1556
137
1223
1220
970
287
7630
10334
10333
10336
559
5190
1152
89
5191
10040
10039
8342
188
10415
8345
694
516
5180
408
898
899
8219
8218
10018
8217
7783
8381
12287
12286
12289
12285
12288
10425
10424
5108
704
7600
10087
1761
10086
8591
5120
5198
5119
8121
5080
13216
5181
5193
5195
7201
12842
7302
5009
8194
5007
7380
5170
8814
5194
1807
10455
166
1028
12202
12200
917
172
5046
7751
12174
12208
12206
12207
12042
12043
10430
413
12511
12510
5062
5063
7547
7724
7726
5134
12053
12078
12324
7579
7824
5035
10136
12884
10135
12883
10243
10242
8593
1639
8155
1643
1760
5307
5305
12768
12767
12766
12765
12764
7578
720
7921
8122
1762
1767
1769
7733
732
12840
10200
12843
8137
8131
1638
13220
7886
12882
5034
1523
5032
5033
12888
1257
5045
1202
7951
5050
12087
7541
10422
10203
7714
5125
10017
10045
878
8775
8777
8776
8778
8779
10381
10438
10437
1454
1453
8017
5200
513
180
182
181
8595
542
5199
12440
722
48
508
1118
426
10457
10459
10369
5028
5002
5001
7974
12123
1659
13214
5087
10066
10065
10254
10303
714
10413
10414
10138
10416
10417
5292
12714
10101
12676
12677
12675
12631
12664
12678
12674
12679
5010
5011
10419
5012
10433
10432
5022
698
10439
7740
7250
5083
10428
10427
10429
1772
1770
12323
10449
10442
7835
12003
12899
622
953
134
7595
274
568
771
650
672
809
604
587
1153
1206
1006
1247
1155
1156
1728
1520
1436
1179
1068
10007
7410
1724
1404
922
8237
8232
8236
8231
8238
599
12698
597
10208
10170
7362
5039
5085
5071
5040
5084
5023
5072
5076
5074
5075
5073
7745
10261
1554
7832
10362
8596
8691
10486
10485
8327
1405
12072
5161
12505
12503
8646
5031
10445
730
7750
1626
12076
1788
1044
10440
7887
735
5052
7347
12322
1782
1783
7071
5174
1776
1779
1774
1784
1781
1786
10253
5057
7802
12310
997
5058
12313
12312
12311
743
5044
733
10228
10227
7795
7754
12880
7753
7713
10080
7712
10009
10008
159
8580
5293
10380
10394
10356
10355
5164
5152
1721
10285
10284
5082
139
13122
1310
13123
5160
5042
7581
7952
7954
7953
12184
12710
12658
12652
12709
12704
12660
12655
12653
12703
12707
12654
12659
12711
7918
12702
10382
12260
5133
12720
7748
10151
10150
712
7492
12270
1729
12220
503
10157
10156
264
5092
290
12044
12041
12040
12298
725
12532
7246
7247
7241
7248
7243
12056
5132
10180
13295
13294
13296
731
119
444
354
441
440
443
431
490
12054
482
7465
7349
12062
12061
12063
13108
13110
5091
8035
5151
5094
5093
13100
10060
10268
5137
10267
7198
785
22
143
68
642
495
267
798
368
805
748
624
572
504
255
100
1090
665
10269
8800
1535
8544
10262
10239
10275
611
12165
10265
10277
10288
10300
10301
10306
10307
10304
10309
10308
10310
10314
10312
10317
10316
10315
10318
10320
10321
7022
10326
10329
10324
10339
10330
1579
10343
10340
10341
10348
10346
10344
10349
10410
10412
10351
10350
10420
10431
10452
10451
10456
10478
12015
12020
12022
12021
12018
12019
12032
12033
12034
12035
12023
12083
12037
12036
12086
12085
12091
12104
12102
12103
12099
12107
12106
7660
12105
12135
12134
12133
12130
12138
12137
12136
12146
12147
1451
1606
12151
12150
12148
12149
12162
7784
12157
12156
12155
12163
12164
106
12176
12185
12186
12190
12191
12192
12201
122
12223
12222
10155
12221
12218
12226
12244
12243
12253
12262
12261
12263
12264
12294
12295
12293
12292
123
10337
10282
1749
12296
12316
12320
12321
12318
12317
12319
12328
12327
12326
12325
12334
12333
12332
12331
12329
12339
12338
12337
12336
12335
12354
12355
12353
12341
12340
12356
12361
12360
12358
12359
12365
12364
12363
12362
965
8260
12367
12370
12369
12368
12384
1524
12382
12395
124
12413
12412
1320
12411
12416
12415
12414
12418
12665
12661
556
514
8750
8751
1823
8469
8468
422
7904
425
8481
8482
8667
8483
8484
7186
12417
12427
5061
12426
12429
12419
1095
13804
13805
13806
13807
8632
1309
5115
13817
13816
13815
13813
13819
13818
12435
12434
12433
12432
12431
12445
12444
12443
12442
12441
12449
12448
12447
12446
12454
1478
12453
12452
12451
12450
12458
10106
10016
10125
10140
10162
12803
12457
12456
12455
12462
12461
12460
12459
12467
12466
12465
12464
12463
12473
12471
12470
1306
12469
12468
12476
12475
12474
12479
12478
12484
12483
12482
12481
12480
12488
12487
12486
12485
12489
12491
12498
12497
12502
12501
12500
12513
12512
12504
12506
12514
12518
12517
12516
12515
12522
12527
12526
8824
12525
12524
12523
12547
12546
12537
12536
12528
12552
12548
12556
12555
12549
12561
12560
1173
7045
10035
10073
10051
12559
12558
12557
12573
12572
12568
12564
12566
12578
12577
12576
12575
12574
12579
12583
12582
12581
12580
12587
12586
12585
12584
126
12599
12609
12604
12603
12611
12610
12614
12613
12612
12617
12620
12630
12636
12635
12618
12641
12640
12651
12650
12637
12657
12656
12663
12667
12682
12681
8301
7676
45
8125
10148
1498
10234
7314
1314
1316
1317
10153
12633
12632
60
1507
13595
12589
12588
13821
13820
13822
1633
10036
7042
8479
8478
8475
8474
8477
8476
8471
8470
8473
13064
8472
8551
8550
8552
8736
8518
12647
10221
1146
10
751
11
10002
973
781
12380
216
12385
754
753
462
10058
1140
1089
579
307
1084
1087
689
10361
775
860
468
1747
1740
1217
204
202
200
13247
256
13246
251
13249
12680
10030
12672
12671
1296
12690
12688
1297
189
1143
1294
168
1530
160
376
1433
1432
1435
1434
774
776
1180
994
1181
995
536
540
10209
534
38
533
544
532
717
12629
739
984
987
983
1171
797
349
796
749
489
316
566
479
473
400
780
411
442
382
565
318
564
745
487
262
395
783
6
789
943
1114
795
942
12692
12686
12700
12705
12706
12490
12708
12713
12716
12722
12723
12725
12742
12743
12744
12745
7912
12746
12747
12748
12749
12750
418
589
944
1410
1640
950
1097
721
1195
480
1533
529
1536
10392
703
222
10435
12393
300
456
521
457
105
101
432
10176
811
817
1574
12800
12804
198
13208
12805
866
12801
12751
12752
12753
12754
12755
12756
12757
12758
12759
12760
12761
12762
12763
12777
12783
10179
10182
10226
10255
10256
10407
10444
10467
12784
12785
12786
12787
12788
828
12790
12791
12792
12793
12794
12795
12799
12802
12807
12808
12809
12810
12811
12814
12815
12816
12817
12818
12819
12820
12821
12822
12823
12824
12825
12826
12827
12828
12829
12830
12831
12832
12834
12835
12836
12837
12838
12839
12841
12844
12845
12846
557
12847
12848
12849
12850
12851
12852
12853
12854
12855
12856
12857
12858
12859
12860
12861
1016
12862
12863
12864
12865
12866
12867
12868
12869
12870
12871
12872
12873
12874
12875
12876
12877
12878
12879
12881
12885
12886
12887
12890
12889
12891
12893
12895
12894
12896
12898
8669
12897
129
12901
12902
12903
12904
12905
12906
12908
12907
1038
12909
12910
12912
12911
12914
12913
12916
12915
12917
12918
12919
12920
12922
12921
12924
12923
12925
12926
12927
12928
1604
12929
12930
12931
12940
12943
12942
12941
12945
12944
12950
966
12953
12952
12951
12956
12955
12957
12958
12960
12959
12961
7696
12962
12963
12964
12965
12966
12967
13125
13129
13128
13215
13213
13132
13217
13219
13223
1489
13221
13779
13224
13785
13786
10280
13788
13787
13789
13802
13801
12374
1019
1748
10496
13814
148
167
1813
194
196
195
8813
8812
8811
8815
8816
8817
8818
8820
1350
8819
8821
8823
8822
8825
8830
8826
8831
8832
8834
8833
8835
8836
8839
8837
8841
1602
12598
12595
12597
12596
13344
7072
640
8177
308
61
1108
1679
956
12197
353
992
1010
10211
10159
1635
10235
10050
10137
10029
10010
8264
1110
39
5099
12211
5021
1040
1208
822
8328
5105
12685
651
654
758
1102
826
1222
1482
1321
10293
1191
12372
1144
986
13363
584
830
1713
1628
288
7418
1148
605
7124
1024
8126
1189
209
914
952
7526
10041
19
1415
12683
8263
8724
8727
8728
1163
7007
1745
12024
12534
12299
7884
7732
628
1160
1715
1732
1791
1792
1796
1794
1790
8055
1795
12004
7917
5056
7883
7882
7920
7885
716
913
1411
7113
7593
12093
12009
7888
12533
10119
10067
10070
10434
10475
5060
10204
12615
179
8056
12565
12789
185
10183
5055
269
7040
5127
5124
5122
5123
10047
7924
1043
12833
53
7498
5126
12314
12315
12199
5026
12198
1031
12297
28
10044
5169
5168
1555
10377
13124
8589
728
742
10088
7515
848
727
729
5097
5096
12250
10260
415
1341
5309
7135
658
8485
10149
10360
1060
10418
7016
13024
10338
806
12217
10436
10099
8394
7612
73
10339
10342
1006
13
1199
924
144
157
8017
12001
1756
5278
12697
10349
887
71
1185
82
145
1565
1153
10202
820
10268
1121
265
12544
13433
13420
13463
206
8603
1194
1625
198
1329
13818
601
602
8259
10
23
7348
123
32
7559
13464
1450
942
10346
10282
10027
5083
44
1611
7696
8791
163
1129
562
8001
1157
1285
993
7134
8760
7529
540
1294
699
8060
1234
8304
753
12279
12189
13025
10414
119
235
360
938
12244
8768
7087
1322
5311
286
13254
12307
10440
994
5285
10347
7325
12658
12291
7132
1014
5037
1416
1645
13168
191
52
1170
10386
590
1193
1382
7575
1066
7586
1433
26
10072
10090
1812
518
486
523
688
690
692
627
959
10125
1629
700
1728
12646
904
1223
1679
6
312
7290
932
796
1608
1414
1387
1781
1116
862
7404
12082
1390
472
7473
13224
1247
1436
1070
685
1419
1082
183
649
552
1388
7381
593
1013
511
13134
8326
12211
592
10392
8670
1696
1725
10181
637
13361
7931
1078
60
1259
321
13350
1065
1348
1296
1732
1747
1221
7793
8129
234
7874
93
5121
168
1184
1716
8153
8440
1752
595
195
13822
10158
969
7108
1516
22
83
10286
8732
10315
10126
10302
7537
12374
1724
996
13052
1027
49
1606
1521
10273
1476
8223
8733
8215
5112
663
7534
12186
74
359
1120
5162
1172
5170
8456
12970
1009
8428
618
4
15
193
7119
1589
1707
5021
12719
355
12112
10202
10215
7002
10415
1479
7526
12028
12114
12113
12117
12116
563
1520
233
7725
1634
1152
786
7210
13196
12482
1766
12142
12281
12217
12110
8074
620
13736
10255
1111
1328
8401
999
8398
12215
12589
12229
12128
1637
5061
1719
12266
12280
164
165
240
7827
13735
7940
7943
7942
7941
12094
8794
5141
5003
1039
5225
47
13244
12012
12013
12109
12097
8062
13259
12360
8770
366
190
12027
12026
12096
8029
8030
958
8148
955
1096
7834
197
12125
10448
449
13268
8281
7154
8028
5053
5048
7044
184
8808
92
5126
8001
5115
7873
10218
10153
12
213
13606
1344
1277
1276
724
12127
1793
1064
580
12050
394
5131
8154
10279
12984
10305
1124
1605
1514
10249
1517
12636
5117
629
10067
1205
772
1513
10192
12389
623
1610
1069
960
12392
1061
1198
793
135
1231
887
1270
807
1059
926
393
146
1191
332
679
339
678
8487
951
879
8110
13226
420
1745
12699
10159
1353
10084
805
933
5175
12680
1278
7782
10500
12681
8316
7005
12196
12705
7540
12549
12688
7376
7370
12656
1020
12641
12683
13245
396
12642
1001
1773
12778
8360
10393
12686
10426
7708
10029
12376
72
10184
1503
276
1506
12268
7710
274
7013
1260
8026
12401
12194
1183
1179
790
1136
1511
8625
10031
8340
7975
10496
8121
7837
708
10154
7910
8119
8118
1496
1173
7032
5261
253
895
8122
631
7036
8729
7280
12650
7705
12833
1086
906
1074
7846
13799
12799
12230
10110
8735
10401
10287
1282
8436
1624
12782
7924
8123
8276
8095
867
12664
12812
1235
12635
8416
13761
12813
7621
10217
12475
5153
7956
7761
12402
10281
7016
1480
8433
7649
12639
8124
8574
8160
12690
8265
5142
62
1097
1336
7709
1397
1742
10423
10179
12602
335
499
8617
12871
7131
12867
878
8785
1091
212
1484
7512
1145
379
1197
1176
91
1022
8208
12279
942
20
163
1607
46
915
1374
1258
506
12488
265
357
5219
1154
12080
154
8631
10016
85
989
1575
10326
8092
7651
9
956
1040
8461
225
10373
10124
10123
1780
1778
8157
12166
5029
10387
8197
8196
5157
1473
1474
1477
1475
5027
10325
5026
5025
12167
12160
12059
10007
1596
263
12165
1275
10397
10396
12600
8158
12954
12049
1293
1292
12900
8389
8388
1645
8374
214
8375
8376
831
13130
1401
12051
140
936
38
349
10323
5130
5129
183
12211
5179
1502
1501
1500
8408
8410
12607
465
10
12723
3
73
97
95
243
569
65
71
239
380
316
262
392
435
388
471
669
446
657
668
603
381
370
1165
275
323
282
654
497
462
510
528
502
8559
56
13278
543
749
792
483
450
12848
803
817
747
215
130
813
820
615
382
824
10169
827
937
994
695
327
137
941
517
279
593
592
754
1617
860
540
526
525
814
681
975
984
189
974
160
552
162
514
171
676
460
202
200
208
203
387
2
1708
216
238
1398
235
1380
1376
1370
1072
1352
1342
1071
1338
1070
1314
1316
1309
1308
1300
1019
1259
1823
1225
1633
1193
1181
1632
1180
1442
1434
1435
1430
10060
1003
1164
1422
1424
1414
1146
1410
10230
10259
10176
10170
10216
10103
12407
12079
7886
10088
10070
10082
10335
12409
1433
7893
1432
13246
1451
1540
1532
1214
1574
7255
7991
10392
401
13200
1522
1245
880
8444
10370
1547
10468
862
10367
10368
7839
5209
5202
5208
5206
5205
5207
5203
5201
10338
5204
8078
12372
10498
8326
7558
1543
8409
8405
12605
8402
12606
8692
8694
8693
8695
12047
12046
12048
1700
1702
12410
10494
10495
10488
7894
10483
12159
10332
10331
12269
12039
169
1743
1741
968
59
48
90
87
45
43
29
66
33
40
44
39
209
155
258
257
259
270
272
271
252
756
249
986
978
245
236
773
424
419
415
651
691
438
701
751
762
767
774
780
498
500
508
511
546
549
8546
548
554
550
564
644
643
232
980
389
367
223
608
360
606
605
602
616
628
630
633
358
222
656
600
995
661
664
671
582
991
693
711
719
581
753
308
217
577
10035
574
776
566
781
788
782
789
791
796
804
810
811
823
821
829
826
836
848
840
859
957
565
8809
874
935
946
284
211
966
965
979
977
973
1386
1375
1186
10158
10119
10134
10013
10208
10102
8248
8199
8249
8254
12608
10078
7661
5116
696
12153
12154
12158
8188
150
1399
10114
10113
1667
1672
1423
142
640
1419
141
653
7895
12309
12308
12307
12302
12305
12304
12303
12306
12301
8049
1677
10286
1692
1093
1797
12568
359
13123
10280
13217
10336
10463
1153
10337
32
36
5200
8060
993
1223
588
10360
10148
838
5305
8309
13739
7949
8126
10422
8818
585
10054
7944
8267
10220
82
12169
1006
12374
8273
8475
1696
1625
10202
7078
706
919
12806
7506
8357
1083
1764
12247
1565
11
832
7765
8834
13800
13801
7747
8377
8009
13810
13812
13814
8668
7912
8522
12654
464
467
466
461
12831
8486
484
485
486
488
475
12703
474
476
7932
470
10270
8548
8116
8331
493
492
496
494
8738
453
451
13852
12662
8062
8280
7763
8288
527
12473
13198
12670
12400
12671
8675
10185
8677
12673
8678
13596
13174
8780
5242
5243
8006
5240
5241
12540
5143
10023
12650
13203
7989
13599
7953
13598
5260
8547
8729
5220
8760
8763
8762
7866
12229
5246
5244
7617
7080
13597
5178
5229
5223
7911
5222
70
1738
13816
667
12415
8218
1084
98
4
13142
8096
454
1407
54
13192
5225
7990
7999
7998
7996
5105
5099
7502
1634
1224
7622
5121
7997
8061
12056
1482
8572
1086
1441
1660
1664
10353
1363
1332
1481
594
10034
1048
10475
10480
5017
1276
5109
1666
12196
12429
12438
1687
7664
10342
1671
1678
1675
1661
1665
1572
459
1567
1580
1674
1060
819
822
1211
561
1535
1536
1208
675
10094
10093
151
13150
5070
586
8696
261
8097
10004
674
10369
13235
260
10379
1469
7548
125
10354
1631
75
1049
10489
10490
10491
10497
1116
12211
10492
7612
1480
10477
10476
10003
12424
12423
7314
7410
8757
1216
7968
68
1540
1449
12814
50
996
1497
1495
7076
1494
1493
1496
1436
269
1263
7925
8688
7900
1202
1203
8618
8147
1747
10204
13799
1168
10279
8795
10450
835
243
21
7890
12899
10126
10244
13663
8794
13662
65
10057
997
7946
1184
598
144
1489
1154
89
10299
5190
10048
10049
10068
1260
8480
217
7862
811
8017
8562
218
8557
679
12372
5151
12637
1679
1377
7301
8606
10146
8689
7994
12190
629
1101
13228
13003
985
13037
7140
7082
12057
12568
802
8035
816
1187
5112
1798
1387
10296
1402
7041
709
8588
16
189
5196
5165
5238
7633
13745
13051
1630
5130
608
225
8568
10412
7033
12317
1584
798
12702
847
7164
502
8126
10319
10112
1062
82
1126
1324
7614
12187
8063
488
1380
346
7382
206
799
1464
657
352
12314
59
12564
1029
8209
8208
7937
7938
7939
7711
7936
7889
1022
1689
1688
1684
1695
1693
967
8479
1366
304
1470
13206
8183
8004
10283
8117
24
1499
10479
12428
12425
10201
961
825
1078
959
954
341
344
136
677
837
193
745
109
1159
949
1145
1089
1125
1118
1082
1038
1200
1196
1218
1220
1222
1238
1242
1244
1253
1194
1115
1189
1182
1111
1728
1079
1340
1337
1348
1355
1358
1177
1361
10286
1364
1365
1369
1411
1372
1431
1446
1509
1527
8157
1525
1541
1542
1549
1550
1562
1559
1567
1582
1330
1601
1327
1167
1109
1771
1753
12518
10188
1318
1696
1777
1649
1797
1166
1313
1647
1312
1637
1724
1613
1607
1160
1307
1069
1008
1007
13210
12528
8494
8498
8495
8499
13699
13823
8552
1058
8419
13011
8396
1460
8315
10469
1756
1757
1755
1752
1758
1614
8504
8502
1615
1682
1694
1691
10165
12248
8041
8046
12245
819
12246
12189
12188
5031
10401
12258
12255
12543
10378
1680
305
10229
12231
12232
12233
8687
8686
8685
8683
8684
8680
8681
8682
12242
8484
12145
12144
12143
10175
10174
10061
10062
7589
10168
5016
8366
7489
7488
8065
10181
10194
10193
5013
5014
8075
8048
10152
12477
1681
1173
1086
137
1604
7468
10105
10104
869
1669
8690
7409
651
10022
10021
5019
5018
12017
12016
8696
10027
12284
1716
12283
12282
339
10028
152
27
1519
10132
7969
10025
5241
10024
149
8294
5049
12169
8299
8295
8293
10233
7968
41
1619
10091
8038
337
8037
807
10142
7809
10141
12132
12131
289
694
5088
8043
157
8067
5069
5068
7659
640
1190
1802
1207
1198
1192
1385
1350
1264
1215
1379
13119
1201
1416
1195
1371
1362
1311
1351
1255
1306
1295
1448
1061
1573
1202
1009
1418
1658
1197
1335
1439
1447
1526
1357
1408
1354
1553
1217
1294
1262
1265
1203
1404
1315
1063
1080
1085
1110
1113
1114
1116
1123
1131
1137
1148
1157
1151
1158
1168
1169
1171
1174
1175
1185
10106
10095
10060
10079
10047
10281
10092
10044
10337
10448
10038
10336
10280
10035
12545
12401
10234
12386
12376
10192
10023
12373
67
956
389
12077
93
550
10259
12184
1209
3
1653
1406
1412
10473
817
5099
887
68
1726
235
8
8563
12972
1424
1377
63
96
1225
1012
10146
1409
312
663
679
1587
800
1536
13596
8547
469
86
64
5287
13129
12516
1032
7087
406
8304
7445
991
247
1186
7305
364
13802
13803
13808
8348
10338
12802
1486
12820
5228
365
13809
12887
128
8378
12714
1492
13608
13609
1229
120
1060
13026
7599
13027
13612
12013
8623
8120
8634
1491
13602
12535
8731
8029
8730
8027
8733
985
8734
8761
8766
8764
12720
1494
12806
8698
13603
12405
10413
13028
10240
13610
12141
10276
12892
8453
13600
1495
13029
13601
13606
13738
1463
631
13607
13604
5237
12542
7838
5236
13605
5235
12089
5234
8035
8510
842
434
5233
1281
8555
1286
5232
5231
5230
8559
1287
1426
5239
5238
13063
8544
8115
8114
10007
849
633
12374
13060
1557
1634
1261
5166
1554
12818
12520
1558
7885
13062
5173
12819
7883
12807
12814
525
7691
12815
8776
1505
8625
7759
1580
852
8774
5176
13149
992
12027
1523
5245
5248
12817
5174
7521
12110
12816
8103
390
397
236
214
684
237
233
10216
215
272
982
269
323
320
1584
1581
198
972
1785
942
5142
12721
1745
1272
8481
12900
10155
1006
227
8113
7624
1751
10447
1773
10238
1347
10073
10202
1393
245
546
121
8473
5116
21
5003
1655
8395
12045
1384
1532
1376
7781
266
1280
7254
1727
1821
8521
1679
1704
13265
1154
111
917
13369
466
1510
1569
1650
554
10345
12199
7639
491
5137
10122
10019
1146
8056
812
7614
567
12565
798
1249
583
803
94
5189
5197
303
8565
7666
8751
12087
201
8372
34
13057
168
7322
454
10149
1017
1690
1208
12211
1206
1101
7524
12899
12372
954
7386
10214
1342
1464
7379
12229
7904
7969
7460
12661
1541
10199
839
951
8806
5112
5095
5096
12097
770
1439
3
5209
10290
8705
12471
601
8055
13261
1087
12966
1758
1535
1211
1239
561
1191
675
822
1250
1
2
4
5
6
7
8
10
9
11
12
13
14
16
15
17
18
19
20
22
23
24
25
26
27
28
29
30
31
32
33
35
36
38
39
37
40
41
42
43
44
45
46
47
48
49
50
648
654
629
10286
1317
55
887
7758
10162
1716
13289
1243
10248
7541
310
1565
1075
580
1353
12571
8577
1526
1090
13198
10044
7057
1318
1275
1096
228
124
7638
5207
12695
1149
1681
1665
12186
12655
1763
1744
658
1673
1223
559
8622
962
7875
994
8457
8025
60
8053
7198
1388
282
747
10028
1524
1115
1084
12374
10336
8553
1196
12052
1139
1562
1559
7749
7497
8435
12570
10206
1007
1064
1536
123
12084
1549
57
641
68
837
1025
1192
12641
1167
1469
946
12782
12718
10319
10282
10059
1472
10143
10276
10450
10338
10205
10229
8576
7811
10293
10266
10302
1409
1269
278
1295
1428
791
233
950
1010
8472
788
250
1708
7649
1173
1557
12725
7334
578
8343
677
5111
314
1594
602
1339
733
369
5117
7992
8731
1631
1768
12394
604
1207
1418
1512
1303
1676
13267
12780
1558
12372
1572
5173
355
10199
160
1349
7347
279
1304
5045
10299
7981
1222
5222
8541
8224
13366
835
8836
557
1035
10121
13368
1582
12211
7223
648
654
629
428
7530
193
12553
1183
1641
1288
13169
7139
1778
50
76
1395
10371
1189
1604
1154
12707
8377
7789
12
14
881
1335
7980
168
8430
12264
481
8036
1263
8474
10025
28
1736
1286
10125
192
12360
7217
89
7407
12866
8057
832
319
12001
1685
8476
1533
10348
8477
1069
10234
476
1373
5105
137
1440
461
1188
10248
1530
8405
5056
617
10339
10054
7782
12323
1279
7721
249
7910
612
949
1256
742
7195
1038
307
8225
7521
12782
432
655
10016
942
7955
7998
12568
13215
1074
705
13050
582
10326
135
695
7722
1823
7628
53
7637
58
665
1372
7183
1230
3
8247
6
7313
69
49
1115
7048
1080
12843
1283
1461
1015
1270
10205
8305
164
10478
10447
1337
584
583
566
12052
5003
13279
670
13607
5260
7014
12637
117
451
828
943
1452
1472
725
589
7410
88
10126
1434
862
1070
7138
1172
825
5128
796
509
1566
7230
990
10342
10208
12212
12641
551
404
13606
1540
1687
7788
588
10444
17
10158
1637
1634
986
12780
7380
620
1223
10119
100
5240
7981
746
651
168
1545
5195
1464
701
500
5131
10289
8228
8058
1560
1147
1144
1515
753
1001
5117
1716
567
90
10188
10179
10020
10173
10169
8780
1692
10416
80
832
805
1353
79
8521
1063
558
1153
1101
10035
7829
922
1609
13220
13222
13250
10391
8436
29
10089
7004
10004
10166
10149
10146
10127
10337
10211
5057
10198
10202
7974
1095
13492
10128
10118
1193
12545
645
886
988
12211
665
12782
176
5225
1173
1564
7837
68
13048
876
815
1605
842
42
1167
1121
1143
12971
1316
520
13285
763
459
5220
13741
1105
615
602
1509
12781
1308
948
10013
10277
10067
10456
1704
1727
12052
10402
1801
1803
12499
359
12571
7622
10111
5121
10258
12216
10121
5177
13244
10278
8583
13167
7954
12658
12649
8804
531
12710
133
407
288
572
284
8569
388
785
8542
8673
8312
480
5079
13289
739
942
7431
751
292
322
5263
84
1224
1521
8335
8797
10147
1728
5264
1780
146
5183
274
1325
7412
327
7728
12258
449
1154
7935
7842
7561
10241
781
137
10487
10115
12737
234
12699
1123
986
7010
783
7878
12124
479
5105
7158
10422
12298
1060
5122
8379
12422
410
8426
673
5091
933
1418
534
10019
649
650
1006
10120
276
5289
8465
769
13700
1583
736
12477
463
1471
8790
1062
12205
934
10373
827
436
8044
8045
8253
8438
8212
496
8042
726
5099
10123
1018
10247
10246
1419
213
5098
8058
8059
37
116
8419
12372
7708
7709
10190
10191
7899
1217
8306
10064
8301
5138
12177
12637
7927
7799
10197
10196
10195
8300
1641
10289
5119
7951
12029
576
10167
1750
10256
10099
1043
13348
12094
3
8697
10187
10186
13025
40
681
13727
5217
10117
10116
454
10328
12545
168
8376
984
1264
10233
1033
1556
466
1723
1213
1223
5095
8710
1337
5149
1101
12820
12899
10269
10248
10283
12388
1235
5118
10435
1445
8446
10338
1673
13759
341
13250
951
1375
10273
10172
10171
10387
484
12211
7635
10015
10014
879
8786
8789
8788
8787
8785
262
10011
8359
7829
780
10312
1082
1120
13008
952
717
10309
10229
737
676
1665
10133
989
8246
8186
8185
8184
1383
8183
51
10012
1138
1593
1384
13589
13588
459
7246
1414
773
7850
1769
941
807
8308
978
78
404
1350
12046
7714
7621
7079
632
10441
8103
8120
8117
8114
8115
34
31
53
54
50
62
5258
27
55
83
21
47
98
11
74
76
86
32
24
60
70
28
89
69
375
515
12782
1410
105
536
770
488
310
340
291
451
333
379
784
509
326
457
481
580
478
456
467
795
537
439
353
325
7837
409
547
610
106
402
601
110
522
752
772
746
611
801
579
930
205
198
348
666
161
641
191
680
667
1446
190
648
678
207
921
847
237
618
256
834
35
598
609
599
332
594
12091
597
474
357
639
777
945
437
573
448
5
6
8
4
17
12
7691
52
79
67
81
30
20
61
15
57
80
58
63
521
115
330
219
541
485
118
844
318
403
390
7960
13384
202
1271
871
10380
7403
10020
8471
8442
12387
10169
654
629
5312
1470
8156
836
13811
8635
5180
1784
7428
97
7402
586
8466
608
1338
1737
10484
10481
1172
1295
740
587
845
1629
1169
1173
10337
976
1705
10198
5293
7115
12572
5261
8375
8839
8707
1025
5034
8389
5294
13606
1265
7412
856
7110
10225
13821
1349
1434
1621
5116
529
12705
8825
10226
895
10035
980
661
1076
906
1776
1331
10178
12549
12898
7911
8674
12978
12719
927
90
13251
616
1104
12373
1095
7298
7929
548
12040
1066
1690
7792
7136
8222
1376
1035
1035
12813
862
285
10241
8806
1
10
100
10002
10007
1001
215
10010
10013
10029
1003
10030
10031
10391
1004
10041
10044
10046
1005
10050
10057
10058
10059
1006
10063
10070
10073
10082
10088
10089
101
1010
10102
10103
10109
10112
10119
10120
10121
10122
10128
10134
10137
10147
10149
10158
10159
10164
10170
10176
10185
10188
10189
1019
102
10206
10207
10208
10209
10210
10211
10216
10217
10221
10222
10230
10234
10235
1024
10241
10244
10249
10257
10258
10259
10260
10263
10266
1027
10270
10271
10281
10286
10287
10288
1032
10326
10327
10333
10334
10335
10336
8599
10361
10371
1464
10375
10395
10399
10426
10434
10436
10443
10454
10499
10500
1058
7787
1059
1060
1064
1065
1066
1067
1068
1070
1071
1072
1073
1074
1076
1077
108
1081
1083
1084
1085
1086
1087
1088
1089
1090
1091
1092
1097
1232
1108
1118
1123
1144
1149
1153
1155
1156
1164
1165
1174
1176
1178
1179
1180
1181
1184
1186
1199
120
12001
12038
12045
1205
1206
1207
12077
12079
12080
12082
12083
12084
12089
121
12124
1216
12169
1218
122
12212
1225
1385
12254
1227
1228
123
12319
1232
1233
1236
1237
12373
12374
12378
12379
12380
12381
12382
12383
12384
12385
12386
12389
12390
12391
12392
12393
12394
12395
12396
12397
12398
12399
1240
12400
12401
12402
12403
12404
12405
12406
12407
12408
12409
1241
1242
1247
12516
12517
12518
12519
12520
12521
1253
12535
1254
12553
12555
12571
1259
1260
12621
12632
12633
12634
12635
12636
12638
12639
838
10467
10051
10478
1568
1297
10447
10032
10444
1021
1296
10202
10163
10163
10234
1262
1253
1678
10044
1406
8077
10045
1132
5041
1107
7536
811
43
12647
1437
7767
250
496
647
763
220
136
1191
590
938
948
428
913
254
244
10280
12384
7688
240
578
113
231
225
637
393
996
221
1118
1551
1469
10299
10282
10319
1469
10205
268
10143
10054
352
362
384
10245
13251
10302
10143
10316
1704
1602
103
938
492
229
794
934
378
920
227
779
10266
241
374
570
785
635
292
10293
10467
10255
1662
1771
1662
1662
345
401
429
689
461
10263
10234
8373
8388
1200
331
1788
501
157
800
12481
8060
10470
10140
10234
306
922
311
108
919
760
204
376
273
1592
1191
607
114
412
589
418
10125
193
1392
416
697
248
987
158
455
351
494
145
346
350
799
775
343
596
686
107
192
224
366
685
347
721
499
241
715
121
1127
1104
1106
1096
1100
1093
10381
13591
13590
13593
13592
13594
12644
7056
12763
12762
8782
12715
8019
12111
13176
13175
13173
13172
13171
13170
12408
7575
7578
5141
7021
7020
7007
7647
8020
7009
13760
8066
7661
8349
8779
7856
8778
8777
8798
8799
12984
12982
12983
12980
8790
8791
8792
8793
8794
8795
8796
8797
1420
12667
405
1211
674
1472
1289
974
1
9
8410
1299
673
12532
966
1236
1012
10137
571
374
1572
1037
937
1143
1034
1221
1234
12045
713
450
822
823
829
981
828
1263
1003
1479
825
824
820
821
1144
1232
1233
1421
1016
12739
7483
10221
1546
1586
39
5317
1092
942
5213
13587
13585
13581
13583
956
8084
8080
1007
12049
5119
12407
5157
1214
61
1
10143
899
5051
8564
7125
1038
7335
291
794
1047
10470
776
10337
12959
8831
1310
651
115
10269
8001
942
12330
818
7124
1637
10467
10245
7812
8533
12983
10400
578
1082
12741
12736
12735
332
8250
8251
8195
12344
12345
8181
1610
12349
12348
752
10462
5080
8619
12474
7314
1557
8570
7669
12235
12236
12234
524
7093
75
84
38
64
88
68
35
14
82
96
25
41
433
36
472
717
458
385
571
658
470
543
559
662
132
926
373
315
940
947
849
1020
684
266
969
281
709
269
925
595
487
797
614
683
613
997
928
10203
862
210
634
682
206
1412
101
665
234
755
283
927
253
932
505
557
156
939
112
576
998
859
808
369
386
493
759
144
687
705
398
617
449
356
476
520
778
13297
5167
228
489
242
154
226
285
558
427
846
201
12380
638
783
619
738
553
660
929
802
982
213
400
556
102
411
1592
1176
1213
1130
1117
1631
1103
1687
1036
1558
1719
1241
1282
1141
1280
1353
1751
1323
1400
1697
1640
1602
1594
1583
1568
1544
1514
1420
1590
1000
1591
1360
1608
1650
1332
1333
1324
1321
10041
1368
12383
12379
10067
10260
10185
10213
10085
7851
10063
10026
10099
12899
5121
12055
8662
8661
10481
8663
8665
8666
8667
8664
8668
8669
8670
8671
8672
8675
8676
8679
8698
8699
8702
8701
8700
8703
8704
8705
8708
8707
8709
8710
8744
33
12211
12643
1346
5029
5017
13150
606
1378
1623
7932
671
554
7597
1127
1329
5310
853
1535
378
13610
1138
1002
10198
7795
347
71
1070
1084
675
12781
7829
1300
8777
7494
7685
600
1647
13282
545
7369
44
10340
649
8548
13143
10170
10170
10023
813
7375
1309
1613
8075
8750
1622
10388
10434
7808
10079
87
7649
12804
10391
8561
141
12782
1301
7777
10163
7415
60
1624
8060
10149
12968
5287
13697
583
1114
10192
1678
8518
572
342
951
8575
10057
1662
1760
7528
1319
12728
13017
1125
5096
1308
1320
1596
1720
10381
19
1633
12169
10277
1823
1173
1008
10409
10408
12594
12592
12591
12593
7337
5216
5215
5214
12732
12733
12734
12350
13692
13690
13694
13693
13691
10474
12343
12342
8454
734
7338
12727
12730
12724
12729
138
7285
13792
10466
10464
10465
12731
7452
10406
10405
10403
7076
10453
8830
10336
10338
10035
8530
1655
1781
10202
10346
13147
267
13125
1716
1791
13221
10276
1185
1580
1651
1759
1150
1359
1587
1577
1438
1676
1489
1581
12422
5117
1668
1586
1606
1445
1600
1595
1701
1149
1124
1269
1609
1278
1429
1686
1569
1546
1533
1317
1126
1545
1091
1572
1563
1303
1076
1515
1299
1510
1251
1297
1283
1268
1344
1129
1094
1152
1679
1142
7368
1163
1440
1014
1561
1578
1077
1097
1274
1449
1570
1576
1147
1328
1279
1136
1560
1261
1516
1593
1302
1588
12058
10162
12775
12391
12377
12381
10272
12388
10461
10155
10189
10016
12385
13035
10088
10064
10115
10255
500
1035
1040
1107
1102
1223
1246
1286
1066
1287
1289
1288
1298
1305
1325
1326
1425
1508
1513
1529
1521
1539
7066
599
1685
1690
1705
1699
1717
1763
1800
8476
8477
8479
8475
8478
13815
8128
8127
8404
7172
7205
7173
7206
7131
7019
8252
1245
1567
871
8613
28
12973
1616
10286
13370
8459
49
1757
7187
7981
203
300
885
1115
12052
7696
7065
1
7363
12533
5247
10404
7020
10498
7761
7762
7763
7764
7765
7766
7768
7769
7770
7771
7772
7773
7774
7775
376
7776
7778
7779
7780
7781
7782
7783
7784
7785
7786
7787
7788
7789
7790
13100
12967
7791
7792
7793
7797
7796
12084
10147
7798
7800
7794
7803
7804
7801
7805
7806
8614
8611
8612
8616
8615
8621
8620
8618
8623
8622
8624
8626
8625
8627
8628
8631
8633
8632
8634
8635
8636
8637
8640
8639
8638
8641
8642
8645
8643
8644
8648
8647
8649
8651
8653
8652
8650
8658
8657
8656
8655
8654
8660
8659
8715
8712
8711
8716
8720
8719
8718
8717
8721
8723
8722
8726
8725
8733
8732
8731
8735
8729
8736
8743
8742
8739
8744
8747
8752
8745
8749
8753
8755
8754
8757
8756
8759
8763
8762
8761
8760
8764
8768
8767
8766
8765
8769
8770
8771
8772
8773
8774
8780
8781
8782
8783
8784
8790
8795
8800
8801
8802
8803
8804
8805
8806
8807
8808
8809
8810
1175
75
191
73
1252
709
1259
192
1176
199
670
1166
1165
76
238
287
791
792
843
833
794
1156
837
1428
827
1151
10004
1427
350
1075
10008
1398
1396
1393
605
1391
7874
8609
131
65
1373
1376
699
7871
7872
7873
239
7878
691
7387
505
507
42
695
144
43
7683
1437
862
389
29
7767
804
628
1442
449
231
446
134
1248
1249
707
1247
1244
10109
1354
1242
818
177
176
1295
1240
968
1241
12544
89
1347
1342
712
7508
212
171
85
810
10077
18
957
1657
14
273
1193
1130
687
26
1088
7746
7256
814
1631
491
1139
252
12140
1460
1148
1145
1144
747
613
610
7061
10044
637
1141
348
617
921
460
635
1469
598
615
597
1478
913
1471
335
667
10238
80
8092
1230
10259
12684
54
50
53
452
458
526
424
481
7033
1383
1382
8581
12240
7031
646
372
373
370
643
1228
208
1221
1222
1224
10206
345
1386
1607
762
161
82
1422
858
88
574
81
12386
136
547
4
12346
12261
1528
949
8313
775
5167
7196
633
311
5262
8332
13022
13179
12887
994
582
946
1037
1007
93
7829
10266
1061
783
8405
1064
10392
10131
10173
10050
10047
10496
10441
10431
8839
415
8360
1340
12323
8230
965
309
246
1311
22
10188
3
255
475
10270
8272
8297
473
1767
13053
12255
380
10152
5176
1137
12673
7690
12056
1728
13831
10333
958
10337
564
10003
13148
222
10334
498
7284
8480
10379
1535
101
1296
5208
10244
13137
10299
10315
10143
10282
10450
21
900
1086
645
13812
224
1215
1745
1733
8740
13
13284
12312
10164
12317
217
7649
10026
7895
10467
12372
12899
10444
1319
1322
10328
10199
10163
1291
1324
10470
1565
10182
1182
1183
10252
1412
1656
1207
1573
1417
359
358
12782
7660
13806
8417
590
798
7611
13751
8147
1514
163
253
760
10338
10226
10322
10140
10234
10051
10125
10198
10070
12969
536
74
13038
10020
12639
12414
537
7412
923
975
156
1118
13306
20
1218
1047
1050
1122
8833
13696
12776
13007
13808
1135
624
256
329
12975
10062
108
1072
1250
626
664
826
12702
369
366
363
360
361
384
10289
10207
12640
83
1605
1602
1653
13731
13730
1655
13732
12407
137
130
10220
10223
1502
259
738
510
517
398
399
78
79
10016
1430
351
352
353
354
356
1132
13726
13727
13724
13725
13722
13723
13720
13721
13728
13729
379
455
377
371
1381
12001
1158
1159
1153
10335
338
515
10336
1414
385
388
1632
12472
346
347
12626
100
12781
1341
1426
12550
8425
10267
392
10221
8365
440
937
797
616
62
942
38
10073
47
10102
13661
8564
7981
10400
1668
10260
926
141
562
23
10162
8075
627
815
658
816
1737
1439
593
73
1126
961
10263
665
1542
292
971
10168
390
10076
10149
448
7822
12177
8532
976
134
1706
8350
948
10286
61
12211
12780
13009
1020
10373
10095
1011
10452
12
7138
12169
12052
1756
10032
854
1517
947
582
10079
5038
649
1109
1487
56
10474
10319
232
7190
12112
13367
10388
10025
7349
8674
10475
10434
5153
994
1464
10346
10305
10030
1523
204
10374
206
8628
13829
13053
92
943
8001
950
810
1239
193
1259
1038
228
1230
962
533
1176
10273
10293
10296
10302
13604
10240
10325
10342
13091
1809
1810
1811
1817
1818
1819
5078
5086
5090
5101
5102
5103
5104
5105
5106
5107
13247
5114
5135
5136
5144
5145
1669
5146
5147
5148
5156
5172
7898
5185
5186
5187
5188
5189
5196
5197
5218
5219
5221
5222
5223
5224
5225
5226
10339
5227
5228
5229
5230
5231
5232
5233
5234
5236
5235
5237
5238
5240
5239
5241
1024
5242
5244
5243
5245
5246
464
5247
5248
5249
5250
5251
5252
5253
5254
5255
5257
5256
5258
5260
5261
5262
13142
645
5264
5263
5265
5266
5267
5269
5268
5270
5271
5272
5273
5274
5275
5276
5277
5278
5279
5280
5281
5282
5283
5284
5285
5287
5286
1273
5288
5289
5290
5291
5294
5295
5297
5296
5298
5299
5300
5301
5302
5303
5304
5308
5309
5311
5310
5312
5313
5314
5316
5315
5317
7001
7003
7002
7004
7005
8219
7007
7006
7008
7009
7010
7012
7011
7014
7013
7015
7016
7017
7018
7020
7021
7583
7022
7024
7023
7025
7026
13246
7027
7028
7029
7030
7032
13701
7031
7033
7035
7034
7037
7036
7039
7038
7042
7043
10448
7045
7047
7046
7048
7050
7049
7053
7052
7051
7056
7055
7054
7057
7059
7058
7061
7060
7063
7062
7065
7064
7068
7067
7066
7069
7070
7072
7077
7074
7073
7079
7078
7082
7081
7080
7086
7085
7084
7083
7087
7091
7090
7089
7088
7092
7098
7097
7096
7095
7094
7099
7102
7101
7100
7108
7107
7106
7104
7103
7109
7113
7112
7111
7110
7116
7115
7114
7117
7126
7121
7120
7119
7118
7127
7132
7130
7129
7133
7134
7137
7136
7135
7139
7142
7141
7140
7145
7144
7143
7147
7146
7148
7151
7150
7149
7152
7155
7154
7153
7157
7156
7159
7158
7160
7161
7165
7164
7163
7167
7166
7171
7170
7174
7169
1323
5117
7168
7177
7176
7175
7179
7178
7180
7182
7181
7186
7185
7184
7183
7187
7192
7191
7189
7188
7194
7193
7197
7196
7195
7202
7209
7208
7207
7210
7212
7211
7215
7214
7213
7216
7221
7220
7219
7218
7224
7223
7222
7225
7229
7228
7227
7226
7230
7235
7234
7233
7232
7231
7239
7238
7237
7236
7240
7242
7244
7249
7245
7253
7252
7254
7257
7256
7255
7259
7258
1087
7262
7261
7260
7263
7264
7265
7266
7268
7267
7270
7269
7272
7271
7273
7274
8679
7276
7275
7277
7278
7279
7280
7282
7281
7283
7287
7286
7288
7289
7291
7290
12299
7293
7292
7295
7296
7297
7299
7298
7301
7300
7304
7303
7306
7309
7308
7307
12977
12372
7312
7311
7310
7315
7319
13759
7318
7317
7316
7321
7320
7323
7322
7324
7326
7325
7327
7328
7333
7331
7330
7329
7336
7339
7340
7341
7342
7344
7343
7345
7346
7348
7353
7352
7351
7350
7354
7355
7360
7359
7358
7357
7364
7363
7362
7361
7367
7366
7365
7370
7369
7373
7372
7371
7374
7377
7376
7375
7378
7382
7384
7386
7387
7388
7391
7390
4
7392
7393
7394
7396
7395
8764
7397
7398
7399
7400
7402
7401
7403
7404
7406
7405
7407
7409
7408
7411
7410
7413
7414
7416
7415
7418
7417
7421
7420
7419
7422
7424
7423
7425
7426
7429
7428
7427
7430
7431
7432
7433
7434
7435
7436
7437
7441
7442
7443
7444
7445
7446
7447
7448
7449
7450
7451
7454
7453
7457
7456
7455
7458
7459
7460
10
7462
7461
7467
7466
7464
7463
7469
7472
7471
7470
7473
7477
7476
7475
7474
122
7479
7483
7482
7481
7480
7484
7485
7494
7487
7486
7491
7496
7495
7497
7498
10369
7821
12851
1532
7580
12694
12398
13278
1321
735
561
1200
1211
1208
822
1536
54
675
1535
8314
1262
306
13826
12322
1346
7835
8156
1774
829
545
91
493
36
1543
12993
13828
7942
1802
10010
13832
13833
13827
13010
13011
1503
7612
7865
708
10366
12648
10108
302
7572
45
13236
13831
13830
13825
13823
13824
13166
5094
1569
272
8320
13358
32
1213
7939
12395
766
13818
1685
1184
913
761
10288
5029
168
1394
7617
1092
8472
13803
1171
89
10128
767
1183
10418
1513
1294
10410
753
1074
5028
10198
1098
77
1296
10255
10212
8268
1631
5096
10456
1728
12696
83
75
591
98
12473
12059
1130
1396
643
350
8627
522
383
1020
580
1250
13193
8111
1673
13760
8547
24
10168
50
14
8600
12041
25
8075
10166
1487
13018
256
248
1724
136
757
665
13368
1132
181
11
12374
857
7855
209
8380
1022
13661
270
10119
271
160
7712
960
8381
432
646
12254
13814
12175
70
10217
1062
813
10373
12086
8225
569
8169
1595
10056
10167
10159
994
1420
1021
5125
427
60
562
1103
109
8163
713
8604
1121
8787
12418
1436
8149
323
8521
1137
1463
1758
10191
12776
8001
7954
7420
820
1194
1644
1319
939
1138
1682
13169
1382
10438
12211
12899
384
1435
950
82
8565
8378
16
10407
1266
1674
13027
10396
8579
12782
1624
234
5140
7381
12889
10328
12094
10215
7433
5265
13318
7790
10338
1086
1192
8379
5150
1269
1574
8152
10286
910
1654
1140
10498
7499
7500
7501
7502
95
7376
7503
7504
7505
7506
7507
257
671
7508
7509
7510
7511
7512
10333
7513
7514
7515
7516
7517
7636
7518
7519
7520
7521
7522
7525
7523
7526
7524
7528
13141
10462
7529
7527
7530
7531
7535
7534
7533
7532
7536
7539
7537
7538
7543
7540
7545
7544
7546
7549
7552
7550
7551
7556
7554
7553
7555
7557
7559
7560
7563
7562
7561
7565
7564
7569
7567
10089
7566
7571
7570
7572
7575
12577
7576
7574
7573
7580
7585
7584
7583
7582
7591
7590
7587
7588
7586
7592
7596
7595
7594
7597
7598
7599
1387
7603
7602
7601
7608
7607
7605
7604
7606
7611
7610
7612
7609
7614
7619
7618
8197
12319
13218
7616
7615
7620
7622
7621
7625
7624
7623
7629
7628
7626
7627
7630
7634
7633
7632
7631
7635
7637
7638
7639
7640
7641
7642
7643
7644
7645
7646
7647
7648
7649
7650
7651
7652
7653
7654
7655
7656
5194
1166
7657
7783
7658
7660
7662
7663
7664
7665
7666
7667
7668
7116
7670
7671
7672
7673
7674
1268
7675
7676
7677
7678
7679
13361
1257
1779
7492
5154
7680
7681
7682
7683
7684
8778
1058
52
7685
7686
7687
7688
7689
7690
7692
7693
7694
7695
10124
7696
7697
7698
7699
7700
7701
7702
7703
7704
7705
7706
7707
7715
7716
7717
7718
7719
7721
7722
7727
568
7728
7729
7730
7731
7734
7735
7737
7738
7742
7743
12119
7744
7746
7747
7755
7756
7757
7758
7759
7760
7761
7762
7763
7764
7765
7766
7768
7769
7770
7771
7773
8594
10216
7772
7776
7775
7774
7777
7779
7778
7781
7780
7782
7784
7785
7787
7786
8230
7788
7789
7794
7793
7792
7791
7797
7796
7798
7801
7800
7803
7804
7806
7805
7808
7811
7812
7813
133
7815
7814
7817
7816
7818
27
13277
10081
13273
8289
10137
99
7819
7820
7822
7821
7826
842
1786
7825
7823
7828
7827
7829
1762
1722
1186
7831
7830
7832
7833
7834
41
7836
7837
7840
7842
7843
1690
7283
7844
7845
7848
7847
7846
12520
12687
7849
7851
7853
7852
7854
765
13171
7857
7856
7859
7860
12545
7861
7865
7864
7863
7862
46
10299
10346
10126
7866
7868
7867
7869
7870
10282
10319
10315
10143
10321
10205
10339
10283
10312
10450
10305
10249
7872
7876
7879
7878
7877
10054
10229
10293
946
10266
10276
10467
10255
10051
10478
10198
10447
10444
1312
7891
7890
7881
7892
7893
10163
10202
10263
10234
10106
10337
1394
10182
10238
10470
8361
1511
9
7897
7896
7900
7898
7902
1182
1513
629
1183
8221
1184
10035
10092
10109
1340
12065
7903
7904
7907
7906
7905
1207
1343
1417
1652
1259
12644
7909
7908
7911
7912
7914
1144
738
965
13205
7915
7918
7923
7925
7924
664
7926
7927
7929
7928
7930
7931
7932
7945
7944
7934
7949
7948
7947
7946
7950
7959
7958
7957
7956
7955
7964
7963
7962
7961
7960
7966
7965
7971
7970
7967
1730
7975
7973
7972
7976
7977
845
675
7983
7982
7979
7978
7988
7987
7986
7985
7984
7989
7994
7993
7992
7991
8003
8000
8006
8005
8004
8009
8008
8007
8011
8010
8012
1485
8015
8014
8016
8021
8020
8018
8023
8027
8024
8039
8
8040
8047
8051
8050
8052
8053
8057
8062
8060
8063
10248
10128
8064
8068
8072
8071
8070
8077
8076
8073
8079
8082
8081
8085
8083
8086
583
8087
8088
8089
8090
8091
8093
8094
8095
8099
8098
8106
8109
8108
8107
8110
8111
8113
8112
8119
8120
7589
8116
8115
8114
8123
8125
13789
8124
8130
8133
8132
8134
13790
8136
8135
8139
8138
8141
151
8140
8143
8142
8145
8144
8148
8147
8146
8151
8159
8168
8166
8161
8160
13774
8170
8173
8172
8171
8179
8178
8180
8176
8174
8181
8182
8187
8189
8190
775
12645
8192
8191
8193
8198
8202
8203
8200
8204
8205
8213
13170
8212
8211
8207
8222
8215
15
10168
8214
8223
8227
8234
8233
8235
8239
8240
8242
13288
1038
8241
8244
8243
8245
8247
256
8256
8253
8261
8260
8259
1262
8258
8257
8265
8264
8263
5105
942
7412
8262
8266
8268
8267
8269
12799
8270
8271
8272
8274
8276
1040
8275
8277
8278
8279
8280
10235
8281
8282
8286
8284
8283
10244
8287
8288
8291
8290
8302
8304
8303
8307
8309
8308
8310
8312
8311
8313
10469
1447
8317
8316
8314
8318
8319
8320
8324
8323
8322
8328
8325
8331
8330
8329
8335
1540
8334
8333
8332
8336
8337
396
12372
12352
1201
12697
10439
991
1604
599
650
12248
554
1043
13231
10423
10099
949
598
8422
10431
621
215
12089
13137
8360
7057
63
8229
58
1318
1305
372
10130
1474
1547
771
1748
10460
13249
625
1025
1306
198
12683
10188
12424
10279
8841
162
806
1563
1565
1233
8823
1608
1169
1162
596
10499
327
10357
368
1009
1226
1004
10189
12659
705
221
12713
777
10272
10037
880
884
359
1255
563
10060
10434
562
107
962
104
10046
1154
980
1548
409
5
10009
8809
5183
12114
8803
8802
8801
7332
8807
8806
8805
7065
7098
430
12668
13178
12621
12719
13177
5006
12716
8157
12028
7402
12976
12977
7403
12978
12979
13586
5137
13587
13584
13585
13583
7400
7348
7401
12638
8533
7404
8534
8535
8537
7415
7749
13762
12709
7019
7011
13755
13756
13757
13750
13754
7425
13751
13752
13753
13759
13758
13166
13165
8676
13168
7208
357
279
12666
275
282
8043
1451
8815
12394
8437
640
12397
8434
837
1345
1274
10361
1438
839
12052
10371
10374
8431
7223
1641
8814
10178
12721
10230
624
10177
412
627
830
8827
622
39
832
7334
7335
7336
7092
30
552
553
7351
8273
7350
7807
1258
7022
12630
7026
8588
7460
7466
7464
8054
7148
8376
7149
7044
10415
7048
10417
8163
8409
12001
1059
10420
370
13248
12555
1395
8075
10285
8348
1662
185
24
10034
10127
13797
13308
12413
779
53
1227
12769
1031
10269
5262
480
108
8155
5143
8347
10162
13612
316
7661
96
822
12377
1676
128
913
13817
21
8567
589
69
214
59
1035
1327
1771
12633
10328
7496
7368
12879
1355
821
1729
10039
755
472
1782
8338
8339
8349
8350
8351
5175
576
8352
8353
8354
8355
8356
464
8074
13029
94
8357
8358
8359
496
1204
754
10134
8362
8363
8364
8368
8367
1550
119
8365
8369
8371
8370
8377
929
8373
8382
8380
8378
8383
878
8384
8386
8390
8393
8392
8462
8391
8387
8398
8396
8397
8395
8394
8399
8403
8400
483
459
1330
8407
8412
8411
8413
8415
8414
8417
8421
8420
1373
10477
798
10474
1699
12187
8418
8423
8424
8427
8425
1360
682
390
8426
8428
8429
8432
8217
12654
5298
8430
8436
8438
8435
8439
8441
8442
8440
8445
1027
8443
8447
8446
8449
8448
7561
8450
8455
8453
8452
8451
8456
8457
8458
8459
8469
8634
1619
8468
8467
8474
8488
8489
1568
8679
8491
8490
8492
8493
8496
8706
8497
8500
8501
8503
8505
1488
1740
12059
10047
1328
6
1266
8508
8507
8506
8509
8510
8511
8512
8513
8514
8516
655
8515
8517
8518
8520
8521
7811
8522
8523
8524
8525
8526
793
193
8527
8528
8531
8529
8532
8536
8538
8539
323
8540
8541
8542
8543
8545
12980
1237
5077
8544
8546
8547
8548
8549
281
8249
10283
8550
8551
8552
8553
8554
1758
1367
8556
8555
8558
8560
8562
1103
840
8564
8563
8565
8566
12211
395
8568
8569
8573
8572
8571
487
8570
8574
8575
8576
8577
8110
10132
8578
8579
8581
8582
8583
1005
8017
8586
8587
8590
8592
8594
8597
8598
8599
8601
8602
328
8605
8603
8606
8610
8607
34
85
8611
8612
8613
8614
8615
5238
684
10379
8616
8620
8618
8621
8622
13792
8624
8623
8626
8625
8627
8
8628
8631
8633
8632
70
17
8635
8636
8637
8638
8639
801
191
514
805
31
8640
8641
8642
8643
8644
7739
8645
8647
8648
8649
8650
8066
87
8651
8652
8653
8654
8655
13470
8657
8656
8658
8659
8660
12964
7043
8711
8712
8715
8717
8716
1564
5297
766
8718
8719
8720
8721
8723
84
12707
276
5178
13201
1482
957
7970
419
1357
13280
55
843
722
202
49
1210
37
354
580
582
5188
1186
8738
1354
56
10205
1121
1422
8001
614
12853
10313
997
492
228
217
445
444
10179
1254
1253
463
8561
1390
98
170
172
173
97
174
175
178
179
5150
469
591
392
169
590
12378
164
165
431
433
593
435
592
166
436
439
90
167
438
595
404
403
10235
402
401
343
342
408
163
1073
1071
1078
12663
660
661
1164
1167
1161
1163
662
558
1197
1178
559
478
551
812
471
1174
557
555
773
815
1388
1652
588
581
583
1380
1556
324
8580
159
158
8584
153
152
326
155
154
321
656
157
861
652
156
604
600
650
651
414
415
322
1431
416
417
7291
410
413
5079
8600
672
1218
12388
12383
677
3
1216
502
1214
725
509
8595
8596
693
12570
1349
1341
12399
645
648
1352
421
697
423
427
1157
1716
426
429
809
1339
497
495
1338
12689
1225
315
1006
546
1223
831
5041
246
1604
1000
7325
7826
5258
5259
7322
1485
7820
7613
7825
1484
7018
1483
1500
1501
7821
7711
7716
1504
12127
12803
12215
5094
7111
7526
1493
1490
12471
7703
1475
1481
10241
7217
12648
1473
7379
1477
1476
1694
1709
10346
1706
13146
579
983
7764
800
13260
16
1469
205
1762
7201
215
1014
7950
8203
8088
942
13052
1236
1038
721
67
9
7
1
13
26
99
19
77
23
13733
764
258
93
331
948
1256
65
1565
13760
361
479
1737
363
371
491
147
131
10277
585
530
442
319
533
531
372
950
539
507
104
943
545
832
473
230
713
313
995
365
364
320
841
1250
117
988
334
544
518
12782
312
338
447
999
468
336
265
307
120
1259
1793
7875
263
1190
8323
8277
95
149
563
115
13266
12087
480
532
923
1448
251
1017
10259
1617
1018
1212
1187
1611
1725
1140
1704
1726
8075
1139
1291
1015
1209
1059
318
1058
1703
1098
1803
1188
10335
12531
10212
10051
12389
12082
12405
12394
836
10193
1262
10269
8722
8725
8726
8729
8731
10026
12055
12544
1790
8732
8733
8735
8736
8739
8742
8743
8744
8745
8747
642
7836
10230
8749
8750
8752
8753
8754
8755
8756
8757
8759
8760
1573
862
8761
8762
8763
8764
8765
8766
8768
8769
8770
8771
422
10258
1387
10493
8772
8773
8774
8780
8781
8037
7772
1206
8782
8783
8784
8790
8795
7755
8800
8801
8802
8803
8804
1117
1570
883
10454
266
8805
8806
8807
8810
8809
8808
5080
8230
1454
235
260
261
10263
568
10057
569
567
5099
1147
10273
12056
296
297
294
295
292
293
291
298
182
183
711
180
181
186
187
185
188
5068
719
1063
1064
1067
1066
194
197
196
190
1534
10088
289
280
10391
283
13797
13796
13795
285
284
286
13794
13793
13798
1521
1101
362
13238
576
577
570
1319
528
572
573
578
1616
448
443
441
440
550
1607
947
13660
538
1280
12437
7166
124
7356
68
10164
771
10473
816
8268
1524
10423
7350
277
12356
12084
12698
7256
739
1461
12651
13696
1472
10128
12402
30
13090
135
1085
12500
8170
654
998
12517
12706
1080
1789
938
1326
420
1728
1329
12660
13214
936
12788
5056
762
10213
982
7668
1289
607
7028
13662
8537
8576
909
989
8308
13227
987
12779
10378
646
39
13103
13267
13009
794
64
941
564
13253
798
10016
1249
1683
5167
10276
1378
1181
91
12659
644
10063
521
1580
7452
10368
5296
10167
887
1525
244
560
485
8603
5183
781
219
1509
12445
648
8373
90
7781
419
10111
12711
490
13343
12
1111
8792
8060
674
672
107
8734
278
1547
13049
584
12632
8205
8324
12638
177
290
13822
10017
12987
12709
10182
12780
7016
997
5189
965
8840
10468
10233
12279
428
8156
8150
12403
7051
7082
7057
5247
12384
7801
7805
12026
12382
7554
12476
12118
12119
8789
8788
12116
12112
7473
7474
7010
7049
7041
7702
8633
8787
8786
8785
8635
12830
723
8838
12142
150
8835
8834
12319
10395
8837
8339
8836
8831
8830
10375
8833
8832
7182
1177
7758
7762
7610
7612
12851
8126
465
7927
8025
1742
8608
1741
7313
7222
12010
12109
7546
7544
1744
270
7548
7725
13128
7122
7125
7124
10475
7533
1467
1464
7530
1465
10122
10126
123
126
7536
127
7537
7538
13122
8283
12054
1748
8617
12080
885
7584
7178
7600
7601
7602
7539
7174
12898
7381
10211
8322
5048
7424
12791
7132
8038
7369
8117
8263
737
7363
1459
7362
7485
12981
8109
1453
7195
7496
7784
1452
5051
7780
7192
8818
7199
1457
8819
10283
1456
1455
12254
8811
8813
8816
12708
8817
12627
7841
7850
7207
7770
7842
7209
10275
13058
7156
7154
8737
7151
12281
1555
8828
700
7811
5111
1713
1711
1714
7813
267
12212
7640
7814
12395
5227
12718
12712
10369
694
696
698
1735
7894
1721
8671
7375
12266
7961
7237
12695
663
665
666
12600
1423
658
659
7933
653
7283
7637
7284
7079
7636
1768
12121
12129
688
7419
685
7418
12674
686
12184
683
682
1076
10498
594
1532
1077
10412
1540
1011
10460
367
10173
1470
12774
1520
10115
877
13134
10186
10346
10342
10349
10339
1294
1765
10092
7682
1352
884
7613
1138
134
7543
5034
593
8416
215
1161
1442
1578
678
10352
1006
76
13037
120
1391
5304
1770
13272
1487
12261
1571
13367
7217
7487
42
924
92
963
432
529
452
972
477
329
750
952
971
699
469
1444
1450
7519
1622
1775
1518
1281
1630
1408
1412
1406
1663
1566
1715
1395
1610
1620
1629
1224
1322
1095
1394
1754
1285
1585
1564
1579
1263
1296
1787
1290
1024
1589
1099
13222
10248
10163
10140
12211
10202
7502
10002
10199
10238
10125
1788
7421
829
1738
376
838
7152
8292
8640
1400
8520
7
708
13247
13249
7305
7294
1060
7994
1558
5243
8332
8767
1779
8400
10198
8151
155
7528
649
1769
942
8045
8534
7869
455
478
7540
707
450
470
10210
12492
13297
365
327
7695
8550
1719
10209
8260
1757
7391
10128
7128
1419
1602
1288
7661
8738
8727
12206
333
245
1109
13802
520
759
823
13062
10127
8582
1245
404
8220
13590
86
12958
5078
43
10041
8637
57
10035
7147
7649
12056
8381
307
10016
214
13753
7522
13829
7819
207
133
1474
12700
1086
7187
10112
10338
12494
111
849
1527
1173
8092
8742
10249
12555
1362
1337
10266
775
137
13050
817
280
10155
10106
13596
457
7999
8764
761
8407
764
254
1160
13124
366
960
7944
1567
18
10284
1202
7980
1493
342
8209
189
8669
624
7624
8365
1188
1625
772
644
344
634
340
341
632
630
639
638
234
203
306
305
205
8665
206
209
8624
8626
8628
218
219
213
211
51
52
58
93
94
96
8639
8706
229
223
224
225
227
607
606
601
602
609
608
619
618
614
616
611
612
314
311
312
313
8688
8689
8618
8690
249
68
67
240
241
63
61
337
336
331
330
8306
641
633
1660
1497
1749
8
12373
482
12186
226
2
1704
70
28
10169
23
12706
21
27
24
25
7210
941
13232
35
34
1199
36
31
33
32
12387
10131
244
62
64
66
8673
8672
8671
8670
8674
242
13125
742
1690
230
232
1813
10103
5150
8630
5092
10208
12526
248
1466
8613
8829
10327
8822
8820
8821
8826
47
328
46
44
41
40
49
48
304
8824
8825
308
1801
10269
10260
1370
8271
8666
676
99
250
10443
10050
10385
257
8641
648
654
629
7402
1724
59
56
55
1807
10226
210
1671
8074
8627
1019
8620
17
8225
1207
16
8629
15
13
12
19
334
669
668
10013
8028
12115
12375
12657
12004
10038
1105
10487
12003
948
10420
13132
8324
8567
472
958
8740
10257
10229
10256
965
37
1551
12038
1283
8064
5069
8753
1133
10436
277
930
12396
886
13193
766
620
12866
8372
10147
303
1106
953
12398
10191
959
770
808
10073
10007
8171
1603
10095
1415
1427
345
10286
1756
352
7073
1072
12826
13757
1316
1510
564
564
10399
515
13371
6
5
39
26
14
38
3
11
45
30
20
1
10
22
4
50
10345
12481
1159
1398
1093
12959
1431
8281
12782
12281
13255
8272
686
8328
549
8179
1112
8633
7787
8470
10025
8745
1279
12480
896
561
12800
1477
80
12805
10177
1523
88
5174
5031
5045
1194
8446
10203
9
29
1381
8159
8122
13810
8127
8115
7651
394
402
786
879
5119
7616
8303
7322
7298
7660
1115
7317
5077
13656
7705
7917
997
771
667
1074
12705
1637
1422
12211
1503
5127
8836
7767
1208
963
5033
7027
10448
589
8751
79
12728
12112
5095
758
10199
1592
13256
846
42
12438
10339
8009
10214
10450
10311
5136
8455
5121
10451
12549
792
10342
10387
7164
778
401
327
8464
12379
719
10001
5022
1719
837
8025
1722
5250
5251
5252
12322
12207
1136
8094
12642
645
526
468
1007
12026
10146
10380
8060
844
12407
7932
840
1565
300
604
12027
7772
1409
1573
7305
5041
12992
7834
13821
1501
7820
13668
7675
1066
13724
956
7538
12247
662
12550
118
1179
1458
10126
240
84
10198
649
1059
1709
582
5294
835
8773
8792
8794
8793
1768
1457
1471
1624
1618
1737
1822
8588
8738
8737
1455
1507
1505
1504
1487
1486
1492
1498
1488
8348
7850
1456
8617
13054
10207
13048
13050
5182
5183
10121
10120
10058
7335
12521
12520
12519
10059
1459
8416
8225
8226
7980
5128
7901
7691
7041
7217
7379
5272
843
146
10484
10241
8046
1088
986
1634
13470
12117
942
159
5122
1537
5093
1625
1623
10460
10444
10282
10404
10222
10164
10109
437
13263
12699
12696
12649
12621
12077
10361
407
303
302
7124
1239
1417
8574
13172
655
275
1180
1225
439
1524
1167
1168
10483
40
13742
8361
788
787
659
10127
416
12778
1191
7415
8036
8001
770
1637
10182
10220
10035
10266
229
51
4
68
555
1173
168
10036
1489
12211
1566
954
1616
1550
1527
10162
10438
602
7730
8280
10338
78
12184
929
949
381
10342
5100
152
1604
36
600
13179
422
89
1463
1738
13174
154
10407
7922
623
1062
5265
1290
1716
128
10339
12056
1796
1259
97
1317
46
981
10235
1367
10038
833
317
933
1612
1517
1621
1821
1603
1022
1731
10375
10276
12374
10385
1787
10206
10131
10107
10073
8089
8838
8840
8734
1491
10499
12892
10500
12691
12685
10258
10257
8156
8149
7613
8026
7874
7284
434
405
12648
12647
10219
10454
12553
12642
12697
12694
13029
12693
7910
7725
7838
7199
91
406
299
12774
177
7749
906
442
5055
1538
10322
1090
1465
13800
13803
13365
13089
13088
13087
13086
13079
13032
1154
1403
505
815
1534
411
12568
374
12695
1535
10290
10128
7649
5124
1143
43
13249
5039
1488
834
604
789
1043
8542
8138
1232
10020
13769
239
973
628
629
968
13139
571
581
584
285
583
1606
3
946
421
12349
1035
12045
200
146
8255
13007
458
10372
7831
1657
1634
1637
12520
386
193
193
7586
8309
8559
13430
12480
12175
12477
12008
13282
13342
5095
803
8372
12211
1018
150
10340
10371
10010
1387
1384
1389
10041
1737
1329
1450
1123
1118
12291
1578
1575
1204
12682
10170
77
74
12120
768
1083
1082
761
12372
268
12195
1746
1527
1525
1524
649
647
642
5289
12653
1134
10102
10190
1008
1656
10118
10188
10063
87
13242
1375
979
8606
1099
1092
1096
1107
1104
1290
1279
575
8362
1482
1487
7075
560
748
12832
7609
13048
13049
1392
8800
636
419
5249
7772
7574
5113
7635
7166
7660
530
5212
7671
7674
13057
13050
13051
13052
13053
1037
7522
1468
1461
1462
5038
309
8229
7569
8001
8151
13234
12096
12097
12474
8358
7014
8508
5257
8509
5273
5184
8775
7819
7012
13246
10302
10378
132
8027
7855
5150
12528
8404
32
10473
538
535
1249
534
8797
1415
1511
1086
1467
1605
8796
1349
8791
8798
5
1284
1470
1396
1709
8799
1512
1374
10334
1219
10221
1
2
10450
10434
10426
10108
4
6
7
8
9
10
11
12
13
14
15
16
17
18
19
20
21
12974
22
23
24
25
26
27
10493
10286
10418
10398
28
29
30
31
33
34
35
36
37
38
39
40
41
42
44
45
46
47
48
49
50
10333
10407
10215
10392
13346
13014
10474
13290
13830
12396
12111
12899
12374
12001
12169
12052
1434
1432
1390
1417
1788
1787
1425
1424
1795
1388
1791
1793
1430
1393
1395
1426
1796
529
544
537
325
456
545
983
1383
1699
1088
1087
828
1379
1777
1338
1753
1333
1336
1158
1355
1295
1352
823
1218
1151
1517
1734
1672
107
508
1655
1306
1357
1350
1722
1676
1159
1755
1730
824
1660
1171
991
1707
498
501
667
1674
12973
1607
923
1661
786
1644
618
89
1508
1428
1429
1382
1378
1418
1409
1408
630
90
1310
1311
1765
1412
1385
1431
1421
1639
1469
1490
1463
7356
1478
1481
1480
5006
383
10399
12639
12689
1485
5153
13131
13293
8118
10289
12254
12387
12402
12400
12399
12398
12701
12698
12644
12378
13208
7381
10031
10030
10210
7767
12782
12781
12780
10209
13827
301
7128
7334
10147
1528
12634
12687
12684
12633
12403
12571
12404
10443
13063
12683
739
1027
10270
10271
858
13245
5061
7332
7125
10046
10327
12124
12212
10436
12775
10435
866
12960
852
867
247
278
12084
12038
212
12089
7122
10341
5041
5178
5154
8126
8066
8065
8092
8054
7981
5079
5118
687
12290
1466
1464
8069
13035
1673
507
13058
13299
13165
13824
12208
8360
8017
13343
13026
13031
12419
10319
13725
13724
13726
13723
13722
964
1407
1270
1785
1235
1135
1132
1226
1483
13248
10463
10487
1506
1484
13804
12779
5097
909
12371
10036
10037
133
10148
10178
10177
8534
8163
8347
8296
5036
8031
7335
5142
5141
7871
7711
7922
5051
5143
8297
13158
10056
298
297
295
296
294
293
10251
10250
7761
12210
12209
7044
13222
13185
7123
7880
527
12375
10154
111
399
187
175
10129
10376
7710
7385
5030
12825
5081
5047
288
13250
706
377
12204
12205
5020
5043
5163
13251
12776
13593
1272
1267
1271
1266
723
8036
1273
5111
1662
942
13364
13732
13742
13740
13731
10395
10496
10499
13059
12427
10365
12807
10001
10374
10408
10159
10367
12834
1237
1713
1743
13748
1708
1718
13357
13520
13521
13522
13523
12957
13524
13525
13526
13527
13528
1129
10021
13529
13530
13531
13532
13533
10332
10207
13286
13534
13535
13536
13537
13538
12526
13539
13540
13541
13542
13543
10282
1038
13549
13550
13551
13552
13553
13554
13555
13556
13557
13558
10166
13559
13560
13561
13562
13563
969
13564
13565
13566
13567
13568
13569
13570
13571
13572
13573
944
13574
13575
13576
13577
13578
13244
12116
13579
13580
13582
13584
13586
13590
13591
13592
13594
8169
13595
13596
13597
13598
13599
13600
13601
13602
13603
13604
13605
13606
13607
13608
13609
13610
13611
13612
13613
13614
13615
13616
13617
13618
13619
13798
13620
13621
13622
13623
13624
13625
13626
13627
13628
13629
13630
13631
13632
13633
13634
10268
13635
13636
13637
13638
13639
13762
13640
13641
13642
13643
13644
13645
13646
13647
13648
13649
12561
13650
13651
13652
13653
13654
13655
13656
13657
13658
13659
13660
13661
13662
13663
13664
13665
13666
13667
13668
13669
13670
13671
13672
13673
13674
13675
13676
13677
13678
13679
13680
13681
13682
13683
13684
13685
13686
13687
13688
13689
13695
13696
13697
13698
13700
13281
13701
13702
13703
13704
13705
13706
13707
13708
13709
13710
13711
13712
13713
13714
13715
13716
13717
13718
13719
13720
13721
13727
13728
13729
13730
13733
13734
13735
13736
13737
13738
13739
13743
13744
13745
13746
13747
13749
13750
13751
13752
13753
13754
13755
13756
13757
13758
13759
13760
775
1227
13761
13763
13764
13765
13766
13767
13768
13769
851
853
855
856
861
863
864
865
868
870
871
1020
1258
13300
872
873
875
876
877
12142
881
882
883
884
885
886
887
888
889
890
12423
891
892
893
894
895
12856
896
900
901
903
904
1459
905
908
910
1489
1442
1019
10116
13273
12521
12259
1721
1748
13193
5188
8510
817
604
13809
10060
1007
1139
204
12425
10044
10255
13144
13274
13257
532
5189
1224
12967
13016
7927
12654
8511
7216
13228
8839
7952
574
12873
12039
8276
13145
10352
13040
12874
12389
13365
12717
5037
8576
12113
8756
8413
359
8226
8417
8309
8303
290
12012
184
5128
8365
10020
8318
13047
8810
8425
8812
12083
12082
8338
7743
8292
8343
5225
8428
7768
12267
8429
8424
7483
5224
7769
8426
12541
8438
8435
8432
8427
10158
5311
10484
1728
1160
358
10081
10280
1573
1560
819
10128
681
143
816
1654
10119
1687
1606
1201
7715
12898
1526
1058
319
381
835
121
1127
946
10267
1458
102
1200
1552
1022
10089
1090
657
1203
585
654
12128
103
483
1202
603
1085
391
243
561
746
1515
1010
10244
961
10064
245
5093
1621
1623
518
1666
10290
511
117
110
955
10229
949
12731
827
10230
12615
12167
13195
12955
10344
10184
1173
665
10213
10211
12315
12476
13372
12166
13345
10343
12855
13276
10013
12981
1575
12535
13206
13201
12345
303
12848
13801
13356
13421
7362
7325
7369
1006
12492
10050
236
12706
10258
10234
13259
12899
13831
12048
12963
10272
13039
1451
1452
12704
238
10447
563
12043
10165
13810
13023
10426
10337
13806
13141
5095
13013
10274
12868
356
12961
10094
8126
1736
10217
1710
1637
12351
8028
1716
7593
10124
12392
10095
1005
12411
13360
12979
10191
10134
5003
1214
13036
12895
13143
10322
13138
10349
1291
13690
12118
10051
10281
12055
8589
7757
13060
260
13239
12146
7424
12982
1704
12640
12519
13292
13544
13545
13546
13547
13548
13583
12062
13133
979
12984
10111
10193
1808
1041
13205
13298
10024
10022
13310
12890
12887
5049
12818
12107
5204
12270
1522
12812
12635
10046
10143
13005
12858
8000
12030
12319
12408
10276
12857
13264
12207
8319
13592
7026
1001
1681
10263
10409
7109
1429
432
1315
13823
13813
13245
931
10319
5100
10041
10062
728
770
10475
12044
12882
10073
10106
10256
10179
10159
10336
10463
17
12130
7412
8391
13316
13177
10105
10496
1535
1662
12226
10394
13665
791
13225
10433
12176
12129
1625
13667
271
12559
12636
13741
13587
7681
13601
10443
12221
13064
10476
10314
10182
5223
13042
698
7464
12815
13383
13194
13702
702
13353
13591
1153
443
12032
12948
10236
12480
7833
10192
1585
1672
677
545
8251
12781
7124
983
938
8241
10297
12780
13432
10498
7733
12774
7044
1618
12802
7352
10167
8621
7981
1395
1257
5131
477
7901
10373
10112
1796
5055
1300
1308
12517
10378
10441
947
1717
1814
1791
1793
12624
1692
1232
1355
12676
10299
1446
878
10473
12185
386
1411
95
1399
437
10010
10429
12693
10127
10315
5182
671
91
501
550
504
506
112
113
508
1405
1788
114
12643
115
1417
1425
118
12391
1787
539
10438
1208
145
1091
258
106
998
254
1421
993
537
12577
12079
10418
10410
1155
1804
1778
147
499
317
927
13742
5167
109
1363
10082
1360
10399
10079
302
8061
8063
8065
10481
1034
12590
201
12562
13236
1659
1780
10210
549
548
1528
10218
541
543
542
10001
12697
204
425
1065
579
1435
1087
1823
514
1432
12633
1433
1084
1296
1309
12665
1095
422
556
13029
1081
8479
10361
10
10326
775
973
781
860
1089
1297
1294
45
751
754
13349
1207
12691
8236
13275
13733
10104
10102
13331
13347
385
7123
7975
13743
10088
12102
12277
12016
10240
13136
7133
1057
12123
12634
104
13221
12113
750
10141
12040
13694
1092
13814
1604
12922
958
10329
13212
7766
8232
589
12992
13338
1764
13658
7007
13004
823
12719
7859
10077
13419
8634
12211
703
10295
12093
10233
10131
12607
8237
13465
10493
10417
12648
12160
12558
13682
10401
13794
483
561
13207
7647
471
13183
12696
5018
12402
296
12397
1489
10178
8812
13747
12567
12668
12551
13002
635
12272
1146
8728
12794
13028
1767
12106
12892
8246
10107
5164
12962
12927
12322
13800
8287
12925
12921
13328
1371
1615
10027
987
12136
1575
12198
10054
5271
8358
5239
13761
13699
7596
8551
12144
5101
7684
8774
467
8542
1639
12896
13597
237
1401
7802
7680
12273
13033
12288
12050
727
7676
12248
7425
13242
12262
12086
12232
12372
5067
10208
10170
13283
12897
12412
13043
10350
7649
942
13311
10432
1730
8615
12688
8126
12536
12652
5205
12395
1605
1711
12727
13148
12600
12100
1029
13463
13175
12724
12382
8306
8519
8235
12406
13027
13323
13296
12935
8075
1390
12428
13261
12105
13202
12347
13220
12386
646
280
199
414
1738
649
1346
1252
8713
1203
12533
12553
12013
5214
12231
8201
13672
12484
190
1736
13309
1043
13019
7093
12149
12240
12001
1030
1032
1033
1041
13680
1042
1045
1046
1050
12311
7098
1051
1052
1053
1054
1055
7548
13661
7841
1056
13226
13227
13228
13229
13230
13231
13232
756
13233
13234
13235
13237
13701
7106
13333
13673
7972
13238
13239
13240
13241
511
13243
13252
13253
13254
13255
12114
12031
13256
13257
13258
13259
13260
7672
13262
13263
13265
13264
12476
5135
8231
13683
183
13266
13267
13268
13269
13271
13270
13746
13274
13273
13272
13012
13330
10152
13276
13281
13280
13277
13279
13760
13278
13282
13286
13284
13285
8060
13291
13290
13288
13287
177
26
13289
13293
13292
13297
13298
7671
13299
13300
13302
13301
13303
7458
12650
13307
13305
13306
13304
13308
845
13310
13313
13314
13603
13312
13315
13318
13317
10490
12310
13319
13320
13322
13321
8017
13324
13325
13326
13327
8032
13185
7343
13329
13332
13334
13337
13336
13335
10248
13339
13342
13341
13340
13343
10379
12881
13344
13348
13346
13345
5293
13350
13352
13351
13354
13356
13355
13358
13357
13359
13360
13363
13362
13361
13364
13367
13366
13369
13368
13370
13371
13373
13372
13375
13374
13376
13378
13377
13379
12819
13380
13381
13382
13384
13385
13388
13387
13386
13389
13390
13393
13392
13391
13395
13394
13397
13396
13399
13398
7081
1259
13400
13403
1059
13402
13401
13405
10089
13404
13408
13407
13406
13410
12489
13409
13413
13412
13411
13415
834
13414
13418
13417
13416
13420
13421
13423
13422
13426
13425
13424
13428
13427
13429
13431
13435
13434
13433
13437
13436
13440
13439
13438
7658
13442
13441
13445
13444
13443
13447
13446
13449
13448
13452
12376
1679
13451
13450
13455
13454
13453
13457
13456
13458
13459
13460
13461
13462
13464
13466
13469
13468
13467
13471
13470
13472
13474
13473
13475
13476
13477
13478
13479
13480
12801
8286
13482
13481
13484
13483
13485
13491
13490
13494
13493
13492
912
13496
13495
13497
13499
13498
13501
13500
13502
13504
13503
13505
13507
13506
13509
13508
13093
13510
13511
13512
13513
13515
1748
13514
13516
13518
13517
13519
13074
710
718
736
850
7659
273
13685
12616
12318
12682
1742
1249
12076
12148
8741
997
10296
7387
13096
1735
10194
8586
1220
8587
8585
8589
10059
490
10266
1747
1740
1320
418
411
5118
355
307
1620
859
349
5154
12589
7675
1217
480
487
489
8093
852
293
13166
10048
12619
12290
13679
12546
12686
12222
1530
1239
12117
1027
8808
457
456
5053
12629
382
459
195
797
10002
796
1070
943
945
944
795
1410
785
1609
160
168
780
299
983
60
984
12379
783
318
5197
310
394
395
7412
5016
10176
316
1640
1633
1434
586
587
189
584
124
122
1180
1185
1184
883
10221
105
473
479
11
529
10219
521
400
1140
1143
462
264
1404
1436
1114
10222
38
789
13247
13246
13249
278
1574
22
12780
1068
7131
10120
7931
1245
1317
1316
1171
1314
220
251
200
202
12669
256
255
222
914
817
532
12342
813
1533
811
533
432
1498
534
10234
1535
1536
1583
536
749
1097
566
12124
565
564
745
12701
1288
950
753
7960
1284
10083
544
6
1334
776
994
774
10392
216
995
8591
13825
13824
13827
13826
13823
13848
13849
13840
5111
8198
12741
793
7961
8184
13738
12988
12965
10047
1389
12653
7307
729
7826
13195
1552
10125
5213
12991
13677
5112
1719
798
8293
12385
968
969
876
1081
1072
7980
1666
837
668
150
1459
1078
12936
12924
1651
857
13054
7486
13149
13167
12260
48
12410
8255
157
192
12234
12224
10418
7123
13295
8196
13605
13676
8244
8188
13820
12992
7610
13015
12738
1336
1597
1343
1596
12949
211
1675
153
10174
748
5119
13197
5202
949
1672
1660
12734
1345
1548
1642
1744
10019
13678
13204
12488
10226
10076
10244
13078
13584
10033
734
12305
12009
619
1553
13181
12608
12930
10079
10397
13674
13018
7750
7046
204
10253
12478
1670
8297
7146
10117
10342
12952
8194
12371
7891
8176
830
1062
13686
1638
7034
10148
7329
5109
524
10204
13807
10173
13430
8316
986
693
8174
13687
12028
13693
13691
948
484
13101
7737
13251
12665
7870
12733
556
12210
10444
13604
1661
8020
1669
12937
452
10008
609
920
12023
12886
12042
7539
402
12255
12404
12929
7669
7644
12934
13675
804
8233
12239
10489
7144
8284
8190
7544
12133
10181
8329
13091
638
7186
10395
583
7632
13180
317
10276
8234
184
1626
8178
12560
13184
12211
13001
8257
77
8743
13689
2
7083
10128
7562
10170
12985
12987
1115
1115
8238
1111
559
330
510
7892
12716
8192
7744
5195
831
1223
8378
7971
5284
13734
13089
1298
7360
1061
820
10171
12159
12945
677
10351
5206
12943
7476
93
12479
10126
298
4
13213
10085
7630
8318
8675
714
12926
1174
1446
875
10012
5210
234
10215
12271
10290
685
13586
1099
8001
7125
7422
5211
7122
13135
7981
131
7174
12289
7445
12944
383
10109
12739
12690
1304
8342
700
8386
12218
13241
1312
570
387
12642
8075
7979
8486
12185
10115
13666
7091
7255
10277
992
1482
1036
12014
535
12233
10447
287
12350
12529
531
10361
792
5048
12036
13203
12103
12638
1724
13237
8200
12946
7147
12791
12656
54
13077
12034
8453
7909
1120
5088
7878
7074
13692
7410
12953
935
10082
12692
12319
12131
716
277
7864
13209
12989
5188
13049
10500
62
13248
13252
10416
198
7724
8052
8448
8420
12485
103
136
10380
10220
1293
8711
7075
114
12835
8636
12673
12399
210
10054
39
8749
10337
12344
1701
10282
574
10228
68
301
6
12923
518
12951
5215
10058
10420
13260
13833
10245
7943
7219
315
3
12899
7687
294
405
20
264
1579
13039
10230
10338
7747
1259
1077
8807
5212
61
35
216
555
8635
8633
12169
8612
7411
215
1721
112
489
504
5249
10305
13319
12421
12225
12391
7618
10478
5001
1071
1722
12403
7720
10137
7989
10250
12276
12135
199
12015
12928
431
12219
259
834
7677
7469
7178
1299
878
113
7465
12703
13443
8170
261
575
8639
13342
7937
1577
10121
7333
10202
12309
12343
10403
612
12557
12038
1649
7500
735
8482
7913
8019
12236
5125
128
10163
949
8399
565
8832
7037
23
1305
320
13130
12398
566
7501
824
5096
12282
5112
7666
7568
525
1227
8616
189
7461
328
1515
8623
1459
7035
10371
911
1677
12121
594
1177
12863
8822
477
8823
10450
7585
7592
7832
12010
12888
8153
49
12990
10492
12132
8180
1548
12029
7988
12143
1678
12954
13146
10187
1586
5279
5201
7197
1144
5115
8361
1211
1239
7485
1208
823
12283
1191
561
1536
675
12211
1223
1250
1710
13325
816
1637
825
10122
1535
10490
7357
8239
10208
10487
10445
8186
12001
12079
115
13820
13821
13822
10328
13824
13825
13826
13827
13828
13829
13830
13831
13832
13834
13835
13836
13837
13838
13839
13840
13841
13842
13843
8827
13844
13845
13846
13847
13848
1123
5003
13849
13850
13851
13852
7600
653
7880
105
229
7759
7305
13321
13340
55
8172
348
12250
620
5162
326
715
13336
13179
13165
12942
13047
1035
8733
12242
10153
5308
10067
5095
7620
12887
10128
1173
10179
5216
12950
13229
5002
7697
8392
10272
8179
7098
12569
7150
8377
1162
712
1079
1490
7570
10005
8245
7208
1634
1
313
13698
5221
974
749
666
942
8003
10172
12037
8001
148
12621
13772
13773
13770
13771
13776
13777
13774
13775
13778
13790
13779
13791
13792
8568
8569
8571
151
8562
8563
8566
13789
13788
13783
13782
13781
13780
13787
8579
8607
8604
13786
8605
8578
13785
13784
8593
12320
12976
7670
7199
5203
935
1683
1697
1043
1138
8300
7648
929
7902
12939
7104
12145
239
689
1741
12709
5079
8656
12019
497
8641
12432
8611
12853
12537
8628
8650
405
1408
731
12284
5055
10175
12920
12142
8633
5019
8638
1726
12732
297
8027
12933
12134
809
5082
13223
8660
12275
8655
8646
8618
7378
8653
8649
8612
8629
8631
8658
8637
8648
8651
8647
8627
8640
8617
8657
8626
8652
732
397
12566
10468
5099
162
13753
5121
9
34
105
29
37
6
40
21
30
168
47
28
1
26
14
17
23
2
22
16
33
27
25
12
4
3
35
32
24
49
48
7
39
19
10
11
36
207
42
8
5
18
20
44
45
38
81
46
31
41
13
15
242
5140
5196
59
13805
5191
12471
13810
5172
13749
5112
123
244
149
5095
5132
226
142
215
5167
235
220
125
129
111
116
119
13741
13743
13744
13745
13746
13747
13748
5091
13811
148
5140
13761
6
5115
168
233
141
140
138
139
5196
1
1270
89
50
5093
5
13827
87
13804
13831
5092
13487
5178
197
1524
183
5202
17
18
1397
5177
5173
5174
5175
5176
5140
174
230
176
5095
13809
5158
6
9
66
145
40
39
13824
81
10336
32
13774
13775
13776
13778
13777
13807
143
19
152
150
235
13804
21
13830
168
217
5159
5158
5112
186
5155
5105
5171
5089
5110
5139
193
173
12090
5100
170
5192
178
5098
123
122
124
125
126
127
128
129
12979
86
5188
1524
13106
17
13770
13772
13771
13780
13773
13782
13781
13784
13783
13790
13791
13793
13794
13795
13797
13796
13799
13798
13802
13805
13808
13809
13743
13811
13810
13812
13813
141
13818
142
148
167
180
181
182
184
183
194
196
195
145
72
239
5204
5157
13819
2
5095
5169
132
40
13758
5109
12372
12650
10143
7111
7901
13664
1368
7733
8601
13071
13092
13575
13598
13613
544
13592
13611
13591
13587
13116
20
13107
21
13584
22
23
24
25
566
11
1
12
10
10142
13070
12240
10103
26
27
28
29
3
30
31
45
7398
46
47
48
49
5
13617
14
50
15
13
18
19
32
16
33
34
35
36
37
38
6
5129
7
8
9
39
4
41
13618
12957
13589
13607
8540
13586
13741
13614
13118
8632
12159
42
43
44
747
13603
7596
5103
12288
13590
7558
8709
414
12405
480
7148
13063
13069
13086
8026
13606
13612
13582
13104
13108
13112
13619
13095
13102
13111
1753
13602
13609
12186
874
7671
565
247
5183
434
12763
1270
573
12535
7680
733
12481
13608
1533
7106
7989
5181
12383
150
13093
13089
1748
13114
13173
13579
12619
13578
13574
13615
13073
13079
942
8391
13088
13105
13576
13098
13074
13616
10163
13600
13570
13099
13597
13082
418
13103
13115
13588
13604
13581
13110
13583
13100
1659
13101
986
13081
8555
13573
7922
8167
1170
8186
8772
1331
12048
12648
539
12211
7412
7659
1432
1186
13594
13091
13601
13595
13113
13078
13109
13094
13585
13106
13084
13605
13577
13096
13083
13117
13580
13572
13087
13077
13080
13075
13072
13596
13097
13085
13599
13076
12652
12260
13593
1327
1169
10336
5014
10299
10302
5216
798
813
8508
8724
7133
12393
714
12526
13571
5271
420
8093
12848
12169
8179
10447
784
643
8535
815
337
13246
1364
242
10450
10305
12615
1795
1758
1310
7990
8532
10407
610
1425
13682
1340
804
1338
7830
5308
13185
7632
683
1223
1252
12649
648
654
629
8820
10280
10106
10198
8482
113
7256
5018
134
8032
8736
5113
1242
8368
1605
1268
1185
1255
1078
5191
10417
8769
12782
110
8324
5248
531
10208
7608
10335
183
184
745
7074
1146
10379
7063
10338
7093
5102
10467
1296
1244
12897
868
8397
1721
12562
1131
7466
716
647
13275
867
12412
10050
508
911
12726
7343
12600
1032
208
206
10325
217
10487
267
10233
1478
8766
368
1022
7780
1535
400
12185
115
1731
10114
1290
858
1452
7424
1713
1414
13737
7400
1238
10334
5079
791
940
13197
965
314
7996
1539
13669
1441
10238
1638
839
10089
771
1250
1291
12308
8158
10441
10290
685
12691
1754
12969
12980
12981
12982
12983
7418
12984
12988
12989
13002
13001
13028
13019
13034
13036
13033
1267
1319
7766
13047
13057
13059
13058
13060
1712
13062
13061
13064
8828
456
655
7885
1330
674
626
816
818
652
7046
7673
659
830
842
787
625
7818
612
621
586
575
569
561
768
960
555
551
1405
656
765
822
955
806
567
766
981
176
218
976
7896
12637
1656
1657
1655
1653
1652
7840
1085
1240
1537
1021
1184
7568
1530
1204
1428
1005
1199
10188
1004
1393
1390
1392
1230
1388
1067
1002
1191
1001
7297
10199
1387
1231
1382
1245
1381
88
1373
1378
1367
1356
1254
10030
5231
12001
10342
1391
1248
1383
1324
10339
10001
10346
12372
12372
1109
1229
1227
1239
310
1531
1205
1183
1178
1162
1161
1108
1105
1075
1073
1081
1066
1264
1065
1228
1064
1389
10266
10249
10252
10122
10032
8248
12052
12570
13589
13772
1427
1426
430
5167
5166
5165
5121
10374
12291
1347
1654
47
10463
5120
1384
8199
8594
231
1141
1683
12827
5092
1556
7219
12375
10153
970
287
12654
12792
12487
5190
10040
10039
188
8342
10415
174
12056
516
5180
408
8219
10018
8217
12287
12286
12289
12285
12288
10425
10424
5108
704
7600
1761
10087
10086
8591
1206
5198
5119
5080
13216
5193
12842
5195
5009
5007
5194
1807
10455
166
1028
12200
172
5046
7751
12174
12206
12042
12043
10430
413
12511
12510
5062
5063
7726
5134
12078
12053
12324
7579
5035
860
12884
10136
10135
10243
10242
1639
8155
1643
1760
5307
5305
5306
12768
12766
12767
12764
12765
7578
7921
1767
1762
1769
7733
732
12840
12843
10200
763
13220
12882
5034
5032
12888
5033
1257
5045
12087
5050
10422
10203
5125
10045
10017
8775
8777
10381
10437
10438
1454
1453
5008
8017
5200
513
1746
13692
912
489
10337
5235
880
12083
1740
7838
8090
1686
1751
1752
12705
1773
13221
4
14
31
10061
808
13334
13359
13351
13354
12211
299
13335
13357
13344
13342
10026
13353
13336
10044
10047
13339
10057
13374
10119
10131
10158
10173
10395
10412
10418
13376
10456
8045
13366
13349
13333
7337
7744
13346
13329
13341
13369
13332
10429
13361
13331
13372
13365
1019
1363
1111
853
13350
1781
5156
1115
7464
13345
13352
13328
13343
13375
13340
13338
13377
13368
13360
13330
13337
13367
13362
13358
13373
13371
13347
13348
494
13370
13355
412
13356
13364
1168
10286
1361
553
10037
1615
249
8741
1670
1277
13363
7199
10183
5184
547
10036
8097
7768
13029
13287
387
13252
12232
12899
1605
10234
10371
8345
8001
7569
5300
1667
7525
433
728
7331
1223
8187
7032
10315
10282
12475
952
7018
10319
10447
10198
1789
1332
1342
1791
1345
1329
8469
8771
8799
7771
1326
1154
7724
13167
5140
12518
255
447
1084
12373
13202
12634
5234
1177
10448
1198
12359
1672
7144
225
660
5
942
809
8185
13040
91
12501
1421
862
162
8437
204
13291
426
8358
5230
12089
128
1475
7920
8722
834
12791
12635
8054
12433
12358
522
13659
12472
12217
10149
10128
1043
1567
5181
12051
1147
10006
1319
7513
1022
648
5237
654
629
8713
348
8060
1319
1514
10306
10328
8582
8838
1310
950
7121
12729
12015
8283
7871
7042
572
12739
950
10321
10330
10327
12842
7401
12100
8370
12323
7887
12322
7071
7713
7712
1310
13123
12270
12220
12298
7248
7243
7075
572
10306
10320
10321
10329
10330
10341
10349
10431
12130
12151
12150
12218
12226
12339
12338
12337
12341
12340
12579
12580
12586
12584
12599
12749
12754
12753
12758
12759
12807
12809
12814
12838
12839
12597
10331
795
8582
12259
12299
7884
7917
7883
7920
7885
7888
7040
12297
13124
12138
7071
7042
7384
1332
7186
12112
12114
12113
12167
12165
13130
552
1376
7876
12269
848
1386
12608
12158
150
12308
12307
12302
12303
12306
12247
7889
1348
1509
1582
7336
12248
12245
12246
950
12231
12232
12233
7045
12145
12144
12143
7488
7072
12017
12016
12284
12282
12283
12801
12807
12814
1588
1311
1348
1376
1386
5309
848
7042
8283
1332
1310
12131
12132
10326
10331
10332
12015
12021
12022
1311
12035
12036
12037
12081
10448
12099
7473
12105
12106
12107
12118
12119
12122
12136
12137
12138
12149
12153
12155
12156
12157
12159
12160
12162
12163
12164
12166
12244
12243
12253
12259
12292
12293
12294
12295
12296
12301
12325
12326
12327
12328
12329
12332
12331
12333
12334
12335
12336
12546
12547
12578
12585
7889
12598
7873
7903
12603
12605
12604
12609
7882
12607
12606
12610
12612
12611
12723
12722
12307
12724
12727
12732
12738
12737
12322
7272
1348
12023
1589
12742
12743
12744
12747
12748
12752
12757
12762
12796
12801
12830
12841
8401
7708
7709
12029
5260
7874
7291
8797
552
795
12739
1310
10349
12330
13123
1209
976
10327
10326
1514
1332
8672
8671
8707
8702
7382
7711
8807
1209
976
12592
12591
12593
7337
12733
12734
7338
12728
12729
7285
7452
7076
1570
1588
7205
7206
5274
5275
5276
5277
7197
7220
7218
7242
7244
7240
7333
7331
7336
7382
7386
7397
7398
7401
7403
7466
7494
7491
7877
7903
7923
8359
8370
8400
8532
5146
8582
950
1209
7198
1332
7639
7128
8638
8614
1514
383
8702
8707
8643
7186
7379
1585
1589
1582
8738
7041
7217
572
12137
7334
12807
8633
8635
8634
10328
7380
7431
7124
1585
1589
383
5257
5258
5259
5260
5308
552
572
7075
7714
10328
1310
7873
7403
1509
1514
795
12137
7041
7075
7122
7124
7125
7128
7154
7186
7199
7217
7284
7291
7332
7334
7369
7379
7381
7473
7725
7874
8283
8738
7375
572
7488
8359
976
1311
12801
7708
7710
7284
12723
12248
8633
10328
12101
7369
1514
12174
5148
5144
12022
12243
8838
7874
7284
7725
7199
10431
383
950
1509
7712
8797
7381
7075
7128
7334
7332
7125
10327
383
7122
12290
572
976
5259
7044
7198
7201
7241
7247
7246
7380
7465
7489
7492
7493
7714
7724
7873
7886
7882
7916
8401
1209
5180
8789
12114
1585
877
7385
950
12298
7917
7154
10349
1348
1346
1310
1311
1332
1588
1589
1582
1585
1570
7334
8620
7216
1514
7852
7712
7730
950
7335
7711
7871
7922
7123
7710
7385
1386
1332
7872
1585
12137
7639
8635
12734
1386
7122
12290
7335
7871
7711
7922
7123
7710
7385
10395
877
1509
12733
7337
1346
572
7733
572
1386
950
1332
12734
1514
7396
7399
7398
8678
848
7156
7334
7400
10349
10395
7885
7217
12243
12733
950
7490
7291
8633
7710
